证券简称,ts_code,trade_date,close,pe_ttm,ps_ttm,dv_ttm,total_share,total_mv
森霸传感,300701.SZ,20230210,9.39,38.439,10.1871,1.1786,27000.0,253530.0
森霸传感,300701.SZ,20230209,9.26,37.9068,10.046,1.1951,27000.0,250020.0
森霸传感,300701.SZ,20230208,9.1,37.2519,9.8724,1.2161,27000.0,245700.0
森霸传感,300701.SZ,20230207,9.24,37.825,10.0243,1.1977,27000.0,249480.0
森霸传感,300701.SZ,20230206,9.05,37.0472,9.8182,1.2228,27000.0,244350.0
森霸传感,300701.SZ,20230203,9.15,37.4565,9.9267,1.2095,27000.0,247050.0
森霸传感,300701.SZ,20230202,9.03,36.9653,9.7965,1.2255,27000.0,243810.0
森霸传感,300701.SZ,20230201,8.94,36.5969,9.6989,1.2379,27000.0,241380.0
森霸传感,300701.SZ,20230131,8.77,35.901,9.5144,1.2619,27000.0,236790.0
森霸传感,300701.SZ,20230130,8.77,35.901,9.5144,1.2619,27000.0,236790.0
森霸传感,300701.SZ,20230120,8.68,35.5325,9.4168,1.275,27000.0,234360.0
森霸传感,300701.SZ,20230119,8.73,35.7372,9.471,1.2677,27000.0,235710.0
森霸传感,300701.SZ,20230118,8.59,35.1641,9.3191,1.2883,27000.0,231930.0
森霸传感,300701.SZ,20230117,8.39,34.3454,9.1022,1.319,27000.0,226530.0
森霸传感,300701.SZ,20230116,8.36,34.2226,9.0696,1.3238,27000.0,225720.0
森霸传感,300701.SZ,20230113,8.23,33.6904,8.9286,1.3447,27000.0,222210.0
森霸传感,300701.SZ,20230112,8.22,33.6495,8.9177,1.3463,27000.0,221940.0
森霸传感,300701.SZ,20230111,8.22,33.6495,8.9177,1.3463,27000.0,221940.0
森霸传感,300701.SZ,20230110,8.3,33.977,9.0045,1.3333,27000.0,224100.0
森霸传感,300701.SZ,20230109,8.22,33.6495,8.9177,1.3463,27000.0,221940.0
森霸传感,300701.SZ,20230106,8.21,33.6085,8.9069,1.3479,27000.0,221670.0
森霸传感,300701.SZ,20230105,8.18,33.4857,8.8743,1.3529,27000.0,220860.0
森霸传感,300701.SZ,20230104,8.13,33.281,8.8201,1.3612,27000.0,219510.0
森霸传感,300701.SZ,20230103,8.08,33.0764,8.7659,1.3696,27000.0,218160.0
森霸传感,300701.SZ,20221230,7.87,32.2167,8.538,1.4062,27000.0,212490.0
森霸传感,300701.SZ,20221229,7.88,32.2576,8.5489,1.4044,27000.0,212760.0
森霸传感,300701.SZ,20221228,7.89,32.2986,8.5597,1.4026,27000.0,213030.0
森霸传感,300701.SZ,20221227,8.08,33.0764,8.7659,1.3696,27000.0,218160.0
森霸传感,300701.SZ,20221226,8.12,33.2401,8.8093,1.3629,27000.0,219240.0
森霸传感,300701.SZ,20221223,7.96,32.5851,8.6357,1.3903,27000.0,214920.0
森霸传感,300701.SZ,20221222,8.06,32.9945,8.7442,1.373,27000.0,217620.0
森霸传感,300701.SZ,20221221,8.26,33.8132,8.9611,1.3398,27000.0,223020.0
森霸传感,300701.SZ,20221220,8.36,34.2226,9.0696,1.3238,27000.0,225720.0
森霸传感,300701.SZ,20221219,8.26,33.8132,8.9611,1.3398,27000.0,223020.0
森霸传感,300701.SZ,20221216,8.72,35.6963,9.4602,1.2691,27000.0,235440.0
森霸传感,300701.SZ,20221215,9.08,37.17,9.8507,1.2188,27000.0,245160.0
森霸传感,300701.SZ,20221214,8.57,35.0822,9.2975,1.2913,27000.0,231390.0
森霸传感,300701.SZ,20221213,8.63,35.3279,9.3625,1.2823,27000.0,233010.0
森霸传感,300701.SZ,20221212,8.69,35.5735,9.4276,1.2735,27000.0,234630.0
森霸传感,300701.SZ,20221209,8.63,35.3279,9.3625,1.2823,27000.0,233010.0
森霸传感,300701.SZ,20221208,8.67,35.4916,9.4059,1.2764,27000.0,234090.0
森霸传感,300701.SZ,20221207,8.79,35.9828,9.5361,1.259,27000.0,237330.0
森霸传感,300701.SZ,20221206,8.79,35.9828,9.5361,1.259,27000.0,237330.0
森霸传感,300701.SZ,20221205,8.84,36.1875,9.5904,1.2519,27000.0,238680.0
森霸传感,300701.SZ,20221202,8.88,36.3513,9.6338,1.2462,27000.0,239760.0
森霸传感,300701.SZ,20221201,8.74,35.7782,9.4819,1.2662,27000.0,235980.0
森霸传感,300701.SZ,20221130,8.73,35.7372,9.471,1.2677,27000.0,235710.0
森霸传感,300701.SZ,20221129,8.67,35.4916,9.4059,1.2764,27000.0,234090.0
森霸传感,300701.SZ,20221128,8.47,34.6729,9.189,1.3066,27000.0,228690.0
森霸传感,300701.SZ,20221125,8.66,35.4507,9.3951,1.2779,27000.0,233820.0
森霸传感,300701.SZ,20221124,8.79,35.9828,9.5361,1.259,27000.0,237330.0
森霸传感,300701.SZ,20221123,8.85,36.2284,9.6012,1.2505,27000.0,238950.0
森霸传感,300701.SZ,20221122,8.97,36.7197,9.7314,1.2337,27000.0,242190.0
森霸传感,300701.SZ,20221121,9.07,37.129,9.8399,1.2201,27000.0,244890.0
森霸传感,300701.SZ,20221118,9.04,37.0062,9.8073,1.2242,27000.0,244080.0
森霸传感,300701.SZ,20221117,9.07,37.129,9.8399,1.2201,27000.0,244890.0
森霸传感,300701.SZ,20221116,8.98,36.7606,9.7423,1.2324,27000.0,242460.0
森霸传感,300701.SZ,20221115,8.96,36.6787,9.7206,1.2351,27000.0,241920.0
森霸传感,300701.SZ,20221114,8.8,36.0238,9.547,1.2576,27000.0,237600.0
森霸传感,300701.SZ,20221111,8.69,35.5735,9.4276,1.2735,27000.0,234630.0
森霸传感,300701.SZ,20221110,8.73,35.7372,9.471,1.2677,27000.0,235710.0
森霸传感,300701.SZ,20221109,8.82,36.1056,9.5687,1.2547,27000.0,238140.0
森霸传感,300701.SZ,20221108,8.89,36.3922,9.6446,1.2448,27000.0,240030.0
森霸传感,300701.SZ,20221107,8.93,36.5559,9.688,1.2393,27000.0,241110.0
森霸传感,300701.SZ,20221104,8.91,36.4741,9.6663,1.2421,27000.0,240570.0
森霸传感,300701.SZ,20221103,8.82,36.1056,9.5687,1.2547,27000.0,238140.0
森霸传感,300701.SZ,20221102,8.82,36.1056,9.5687,1.2547,27000.0,238140.0
森霸传感,300701.SZ,20221101,8.76,35.86,9.5036,1.2633,27000.0,236520.0
森霸传感,300701.SZ,20221031,8.58,35.1232,9.3083,1.2898,27000.0,231660.0
森霸传感,300701.SZ,20221028,8.31,34.0179,9.0154,1.3317,27000.0,224370.0
森霸传感,300701.SZ,20221027,8.65,35.4097,9.3842,1.2794,27000.0,233550.0
森霸传感,300701.SZ,20221026,8.64,29.0475,9.1912,1.2809,27000.0,233280.0
森霸传感,300701.SZ,20221025,8.42,28.3078,8.9572,1.3143,27000.0,227340.0
森霸传感,300701.SZ,20221024,8.49,28.5432,9.0316,1.3035,27000.0,229230.0
森霸传感,300701.SZ,20221021,8.54,28.7113,9.0848,1.2959,27000.0,230580.0
森霸传感,300701.SZ,20221020,8.56,28.7785,9.1061,1.2928,27000.0,231120.0
森霸传感,300701.SZ,20221019,8.43,28.3414,8.9678,1.3128,27000.0,227610.0
森霸传感,300701.SZ,20221018,8.5,28.5768,9.0423,1.302,27000.0,229500.0
森霸传感,300701.SZ,20221017,8.54,28.7113,9.0848,1.2959,27000.0,230580.0
森霸传感,300701.SZ,20221014,8.34,28.0389,8.8721,1.3269,27000.0,225180.0
森霸传感,300701.SZ,20221013,8.19,27.5346,8.7125,1.3512,27000.0,221130.0
森霸传感,300701.SZ,20221012,8.01,26.9294,8.521,1.3816,27000.0,216270.0
森霸传感,300701.SZ,20221011,7.76,26.0889,8.2551,1.4261,27000.0,209520.0
森霸传感,300701.SZ,20221010,7.82,26.2906,8.3189,1.4152,27000.0,211140.0
森霸传感,300701.SZ,20220930,8.07,27.1311,8.5848,1.3713,27000.0,217890.0
森霸传感,300701.SZ,20220929,8.28,27.8371,8.8082,1.3366,27000.0,223560.0
森霸传感,300701.SZ,20220928,8.06,27.0975,8.5742,1.373,27000.0,217620.0
森霸传感,300701.SZ,20220927,8.18,27.501,8.7019,1.3529,27000.0,220860.0
森霸传感,300701.SZ,20220926,7.91,26.5932,8.4146,1.3991,27000.0,213570.0
森霸传感,300701.SZ,20220923,8.1,27.232,8.6168,1.3663,27000.0,218700.0
森霸传感,300701.SZ,20220922,8.33,28.0052,8.8614,1.3285,27000.0,224910.0
森霸传感,300701.SZ,20220921,8.42,28.3078,8.9572,1.3143,27000.0,227340.0
森霸传感,300701.SZ,20220920,8.37,28.1397,8.904,1.3222,27000.0,225990.0
森霸传感,300701.SZ,20220919,8.28,27.8371,8.8082,1.3366,27000.0,223560.0
森霸传感,300701.SZ,20220916,8.45,28.4087,8.9891,1.3097,27000.0,228150.0
森霸传感,300701.SZ,20220915,8.67,29.1483,9.2231,1.2764,27000.0,234090.0
森霸传感,300701.SZ,20220914,9.02,30.325,9.5955,1.2269,27000.0,243540.0
森霸传感,300701.SZ,20220913,9.15,30.7621,9.7337,1.2095,27000.0,247050.0
森霸传感,300701.SZ,20220909,9.09,30.5603,9.6699,1.2175,27000.0,245430.0
森霸传感,300701.SZ,20220908,9.18,30.8629,9.7657,1.2055,27000.0,247860.0
森霸传感,300701.SZ,20220907,9.36,31.4681,9.9571,1.1823,27000.0,252720.0
森霸传感,300701.SZ,20220906,9.21,30.9638,9.7976,1.2016,27000.0,248670.0
森霸传感,300701.SZ,20220905,9.25,31.0983,9.8401,1.1964,27000.0,249750.0
森霸传感,300701.SZ,20220902,9.25,31.0983,9.8401,1.1964,27000.0,249750.0
森霸传感,300701.SZ,20220901,8.86,29.7871,9.4252,1.2491,27000.0,239220.0
森霸传感,300701.SZ,20220831,8.82,29.6526,9.3827,1.2547,27000.0,238140.0
森霸传感,300701.SZ,20220830,9.2,30.9302,9.7869,1.2029,27000.0,248400.0
森霸传感,300701.SZ,20220829,9.25,31.0983,9.8401,1.1964,27000.0,249750.0
森霸传感,300701.SZ,20220826,9.24,31.0646,9.8295,1.1977,27000.0,249480.0
森霸传感,300701.SZ,20220825,9.34,23.7442,8.8036,1.1849,27000.0,252180.0
森霸传感,300701.SZ,20220824,9.66,24.5578,9.1052,1.1456,27000.0,260820.0
森霸传感,300701.SZ,20220823,10.21,25.956,9.6237,1.0839,27000.0,275670.0
森霸传感,300701.SZ,20220822,10.26,26.0831,9.6708,1.0786,27000.0,277020.0
森霸传感,300701.SZ,20220819,10.52,26.7441,9.9159,1.052,27000.0,284040.0
森霸传感,300701.SZ,20220818,10.57,26.8712,9.963,1.047,27000.0,285390.0
森霸传感,300701.SZ,20220817,10.45,26.5661,9.8499,1.059,27000.0,282150.0
森霸传感,300701.SZ,20220816,10.52,26.7441,9.9159,1.052,27000.0,284040.0
森霸传感,300701.SZ,20220815,10.39,26.4136,9.7933,1.0651,27000.0,280530.0
森霸传感,300701.SZ,20220812,10.63,27.0237,10.0195,1.0411,27000.0,287010.0
森霸传感,300701.SZ,20220811,10.71,27.2271,10.0949,1.0333,27000.0,289170.0
森霸传感,300701.SZ,20220810,10.44,26.5407,9.8405,1.06,27000.0,281880.0
森霸传感,300701.SZ,20220809,10.28,26.1339,9.6896,1.0765,27000.0,277560.0
森霸传感,300701.SZ,20220808,10.2,25.9305,9.6142,1.085,27000.0,275400.0
森霸传感,300701.SZ,20220805,10.1,25.6763,9.52,1.0957,27000.0,272700.0
森霸传感,300701.SZ,20220804,9.92,25.2187,9.3503,1.1156,27000.0,267840.0
森霸传感,300701.SZ,20220803,9.83,24.9899,9.2655,1.1258,27000.0,265410.0
森霸传感,300701.SZ,20220802,9.83,24.9899,9.2655,1.1258,27000.0,265410.0
森霸传感,300701.SZ,20220801,10.28,26.1339,9.6896,1.0765,27000.0,277560.0
森霸传感,300701.SZ,20220729,10.05,25.5492,9.4728,1.1012,27000.0,271350.0
森霸传感,300701.SZ,20220728,9.85,25.0408,9.2843,1.1235,27000.0,265950.0
森霸传感,300701.SZ,20220727,9.49,24.1256,8.945,1.1661,27000.0,256230.0
森霸传感,300701.SZ,20220726,9.3,23.6426,8.7659,1.19,27000.0,251100.0
森霸传感,300701.SZ,20220725,9.24,23.49,8.7094,1.1977,27000.0,249480.0
森霸传感,300701.SZ,20220722,9.47,24.0747,8.9262,1.1686,27000.0,255690.0
森霸传感,300701.SZ,20220721,9.6,24.4052,9.0487,1.1528,27000.0,259200.0
森霸传感,300701.SZ,20220720,9.57,24.329,9.0204,1.1564,27000.0,258390.0
森霸传感,300701.SZ,20220719,9.5,24.151,8.9544,1.1649,27000.0,256500.0
森霸传感,300701.SZ,20220718,9.36,23.7951,8.8225,1.1823,27000.0,252720.0
森霸传感,300701.SZ,20220715,9.13,23.2104,8.6057,1.2121,27000.0,246510.0
森霸传感,300701.SZ,20220714,9.47,24.0747,8.9262,1.1686,27000.0,255690.0
森霸传感,300701.SZ,20220713,9.22,23.4392,8.6905,1.2003,27000.0,248940.0
森霸传感,300701.SZ,20220712,9.14,23.2358,8.6151,1.2108,27000.0,246780.0
森霸传感,300701.SZ,20220711,9.56,24.3035,9.011,1.1576,27000.0,258120.0
森霸传感,300701.SZ,20220708,9.72,24.7103,9.1618,1.1385,27000.0,262440.0
森霸传感,300701.SZ,20220707,9.51,24.1764,8.9639,1.1637,27000.0,256770.0
森霸传感,300701.SZ,20220706,9.49,24.1256,8.945,1.1661,27000.0,256230.0
森霸传感,300701.SZ,20220705,9.63,24.4815,9.077,1.1492,27000.0,260010.0
森霸传感,300701.SZ,20220704,9.9,25.1679,9.3315,1.1178,27000.0,267300.0
森霸传感,300701.SZ,20220701,9.67,24.5832,9.1147,1.1444,27000.0,261090.0
森霸传感,300701.SZ,20220630,9.76,24.812,9.1995,1.1339,27000.0,263520.0
森霸传感,300701.SZ,20220629,9.79,24.8882,9.2278,1.1304,27000.0,264330.0
森霸传感,300701.SZ,20220628,10.23,26.0068,9.6425,1.0818,27000.0,276210.0
森霸传感,300701.SZ,20220627,10.06,25.5746,9.4823,1.1001,27000.0,271620.0
森霸传感,300701.SZ,20220624,9.6,24.4052,9.0487,1.1528,27000.0,259200.0
森霸传感,300701.SZ,20220623,9.58,24.3544,9.0298,1.1552,27000.0,258660.0
森霸传感,300701.SZ,20220622,9.39,23.8714,8.8508,1.1786,27000.0,253530.0
森霸传感,300701.SZ,20220621,9.73,24.7357,9.1712,1.1374,27000.0,262710.0
森霸传感,300701.SZ,20220620,9.83,24.9899,9.2655,1.1258,27000.0,265410.0
森霸传感,300701.SZ,20220617,9.45,24.0239,8.9073,1.1711,27000.0,255150.0
森霸传感,300701.SZ,20220616,9.45,24.0239,8.9073,1.1711,27000.0,255150.0
森霸传感,300701.SZ,20220615,9.09,23.1087,8.568,1.2175,27000.0,245430.0
森霸传感,300701.SZ,20220614,9.19,23.3629,8.6622,1.2042,27000.0,248130.0
森霸传感,300701.SZ,20220613,9.29,23.6171,8.7565,1.1912,27000.0,250830.0
森霸传感,300701.SZ,20220610,9.44,23.9985,8.8979,1.1723,27000.0,254880.0
森霸传感,300701.SZ,20220609,9.74,24.7611,9.1807,1.1362,27000.0,262980.0
森霸传感,300701.SZ,20220608,9.42,23.9476,8.879,1.1748,27000.0,254340.0
森霸传感,300701.SZ,20220607,8.82,22.4223,8.3135,3.7743,27000.0,238140.0
森霸传感,300701.SZ,20220606,9.16,23.2866,8.634,3.6342,27000.0,247320.0
森霸传感,300701.SZ,20220602,9.1,23.1341,8.5774,3.6581,27000.0,245700.0
森霸传感,300701.SZ,20220601,9.07,23.0578,8.5491,3.6702,27000.0,244890.0
森霸传感,300701.SZ,20220531,8.87,22.5494,8.3606,3.753,27000.0,239490.0
森霸传感,300701.SZ,20220530,8.72,22.1681,8.2192,3.8175,27000.0,235440.0
森霸传感,300701.SZ,20220527,8.68,22.0664,8.1815,3.8351,27000.0,234360.0
森霸传感,300701.SZ,20220526,8.75,22.2443,8.2475,3.8044,27000.0,236250.0
森霸传感,300701.SZ,20220525,13.5,22.8799,8.4831,2.4691,18000.0,243000.0
森霸传感,300701.SZ,20220524,13.3,22.5409,8.3575,2.5063,18000.0,239400.0
森霸传感,300701.SZ,20220523,13.81,23.4053,8.6779,2.4137,18000.0,248580.0
森霸传感,300701.SZ,20220520,13.6,23.0494,8.546,2.451,18000.0,244800.0
森霸传感,300701.SZ,20220519,13.37,22.6596,8.4015,2.4931,18000.0,240660.0
森霸传感,300701.SZ,20220518,13.0,22.0325,8.169,2.5641,18000.0,234000.0
森霸传感,300701.SZ,20220517,12.73,21.5749,7.9993,2.6185,18000.0,229140.0
森霸传感,300701.SZ,20220516,12.78,21.6596,8.0307,2.6082,18000.0,230040.0
森霸传感,300701.SZ,20220513,12.97,21.9816,8.1501,2.57,18000.0,233460.0
森霸传感,300701.SZ,20220512,12.93,21.9139,8.125,2.578,18000.0,232740.0
森霸传感,300701.SZ,20220511,12.74,21.5918,8.0056,2.6164,18000.0,229320.0
森霸传感,300701.SZ,20220510,12.91,21.88,8.1124,2.582,18000.0,232380.0
森霸传感,300701.SZ,20220509,12.76,21.6257,8.0181,2.6123,18000.0,229680.0
森霸传感,300701.SZ,20220506,12.5,21.1851,7.8548,2.6667,18000.0,225000.0
森霸传感,300701.SZ,20220505,12.59,21.3376,7.9113,2.6476,18000.0,226620.0
森霸传感,300701.SZ,20220429,12.38,20.9817,7.7794,2.6925,18000.0,222840.0
森霸传感,300701.SZ,20220428,12.11,17.3584,7.0011,2.7525,18000.0,217980.0
森霸传感,300701.SZ,20220427,12.68,18.1755,7.3307,2.6288,18000.0,228240.0
森霸传感,300701.SZ,20220426,12.32,17.6594,7.1226,2.7056,18000.0,221760.0
森霸传感,300701.SZ,20220425,12.44,17.8314,7.1919,2.6795,18000.0,223920.0
森霸传感,300701.SZ,20220422,12.6,16.8311,6.96,2.6455,18000.0,226800.0
森霸传感,300701.SZ,20220421,12.89,17.2185,7.1202,2.586,18000.0,232020.0
森霸传感,300701.SZ,20220420,13.3,17.7662,7.3467,2.5063,18000.0,239400.0
森霸传感,300701.SZ,20220419,13.34,17.8196,7.3688,2.4988,18000.0,240120.0
森霸传感,300701.SZ,20220418,13.34,17.8196,7.3688,2.4988,18000.0,240120.0
森霸传感,300701.SZ,20220415,13.1,17.499,7.2362,2.5445,18000.0,235800.0
森霸传感,300701.SZ,20220414,13.28,17.7395,7.3356,2.51,18000.0,239040.0
森霸传感,300701.SZ,20220413,13.16,17.5792,7.2694,2.5329,18000.0,236880.0
森霸传感,300701.SZ,20220412,13.35,17.833,7.3743,2.4969,18000.0,240300.0
森霸传感,300701.SZ,20220411,13.11,17.5124,7.2417,2.5426,18000.0,235980.0
森霸传感,300701.SZ,20220408,13.63,18.207,7.529,2.4456,18000.0,245340.0
森霸传感,300701.SZ,20220407,14.3,19.102,7.8991,2.331,18000.0,257400.0
森霸传感,300701.SZ,20220406,14.34,19.1554,7.9212,2.3245,18000.0,258120.0
森霸传感,300701.SZ,20220401,14.26,19.0485,7.877,2.3375,18000.0,256680.0
森霸传感,300701.SZ,20220331,14.54,19.4226,8.0317,2.2925,18000.0,261720.0
森霸传感,300701.SZ,20220330,14.22,18.9951,7.8549,2.3441,18000.0,255960.0
森霸传感,300701.SZ,20220329,14.0,18.7012,7.7334,2.381,18000.0,252000.0
森霸传感,300701.SZ,20220328,14.32,19.1287,7.9101,2.3277,18000.0,257760.0
森霸传感,300701.SZ,20220325,14.45,19.3023,7.9819,2.3068,18000.0,260100.0
森霸传感,300701.SZ,20220324,14.55,19.4359,8.0372,2.291,18000.0,261900.0
森霸传感,300701.SZ,20220323,14.9,19.9035,8.2305,2.2371,18000.0,268200.0
森霸传感,300701.SZ,20220322,14.85,19.8367,8.2029,2.2447,18000.0,267300.0
森霸传感,300701.SZ,20220321,14.97,19.997,8.2692,2.2267,18000.0,269460.0
森霸传感,300701.SZ,20220318,14.9,19.9035,8.2305,2.2371,18000.0,268200.0
森霸传感,300701.SZ,20220317,14.7,19.6363,8.12,2.2676,18000.0,264600.0
森霸传感,300701.SZ,20220316,14.45,19.3023,7.9819,2.3068,18000.0,260100.0
森霸传感,300701.SZ,20220315,14.11,18.8482,7.7941,2.3624,18000.0,253980.0
森霸传感,300701.SZ,20220314,14.88,19.8767,8.2195,2.2401,18000.0,267840.0
森霸传感,300701.SZ,20220311,15.45,20.6381,8.5343,2.1575,18000.0,278100.0
森霸传感,300701.SZ,20220310,15.25,20.371,8.4238,2.1858,18000.0,274500.0
森霸传感,300701.SZ,20220309,14.96,19.9836,8.2637,2.2282,18000.0,269280.0
森霸传感,300701.SZ,20220308,15.45,20.6381,8.5343,2.1575,18000.0,278100.0
森霸传感,300701.SZ,20220307,15.84,21.1591,8.7498,2.1044,18000.0,285120.0
森霸传感,300701.SZ,20220304,16.25,21.7068,8.9762,2.0513,18000.0,292500.0
森霸传感,300701.SZ,20220303,16.61,22.1877,9.1751,2.0068,18000.0,298980.0
森霸传感,300701.SZ,20220302,16.83,22.4815,9.2966,1.9806,18000.0,302940.0
森霸传感,300701.SZ,20220301,16.9,22.5751,9.3353,1.9724,18000.0,304200.0
森霸传感,300701.SZ,20220228,16.8,22.4415,9.28,1.9841,18000.0,302400.0
森霸传感,300701.SZ,20220225,16.8,22.4415,9.28,1.9841,18000.0,302400.0
森霸传感,300701.SZ,20220224,16.49,22.0274,9.1088,2.0214,18000.0,296820.0
森霸传感,300701.SZ,20220223,16.94,22.6285,9.3574,1.9677,18000.0,304920.0
森霸传感,300701.SZ,20220222,16.89,22.5617,9.3298,1.9736,18000.0,304020.0
森霸传感,300701.SZ,20220221,16.48,22.014,9.1033,2.0227,18000.0,296640.0
森霸传感,300701.SZ,20220218,16.27,21.7335,8.9873,2.0488,18000.0,292860.0
森霸传感,300701.SZ,20220217,16.19,21.6266,8.9431,2.0589,18000.0,291420.0
森霸传感,300701.SZ,20220216,16.23,21.6801,8.9652,2.0538,18000.0,292140.0
森霸传感,300701.SZ,20220215,16.08,21.4797,8.8823,2.073,18000.0,289440.0
森霸传感,300701.SZ,20220214,16.01,21.3862,8.8437,2.082,18000.0,288180.0
森霸传感,300701.SZ,20220211,15.83,21.1457,8.7442,2.1057,18000.0,284940.0
森霸传感,300701.SZ,20220210,16.18,21.6133,8.9376,2.0602,18000.0,291240.0
森霸传感,300701.SZ,20220209,16.38,21.8804,9.048,2.035,18000.0,294840.0
森霸传感,300701.SZ,20220208,15.96,21.3194,8.816,2.0886,18000.0,287280.0
森霸传感,300701.SZ,20220207,15.8,21.1057,8.7277,2.1097,18000.0,284400.0
森霸传感,300701.SZ,20220128,15.7,20.9721,8.6724,2.1231,18000.0,282600.0
森霸传感,300701.SZ,20220127,15.31,20.4511,8.457,2.1772,18000.0,275580.0
森霸传感,300701.SZ,20220126,15.88,21.2125,8.7718,2.0991,18000.0,285840.0
森霸传感,300701.SZ,20220125,15.82,21.1324,8.7387,2.107,18000.0,284760.0
森霸传感,300701.SZ,20220124,16.61,22.1877,9.1751,2.0068,18000.0,298980.0
森霸传感,300701.SZ,20220121,16.76,22.388,9.2579,1.9889,18000.0,301680.0
森霸传感,300701.SZ,20220120,17.15,22.909,9.4734,1.9436,18000.0,308700.0
森霸传感,300701.SZ,20220119,18.22,24.3383,10.0644,1.8295,18000.0,327960.0
森霸传感,300701.SZ,20220118,17.77,23.7372,9.8158,1.8758,18000.0,319860.0
森霸传感,300701.SZ,20220117,18.0,24.0444,9.9429,1.8519,18000.0,324000.0
森霸传感,300701.SZ,20220114,17.29,23.096,9.5507,1.9279,18000.0,311220.0
森霸传感,300701.SZ,20220113,17.36,23.1895,9.5894,1.9201,18000.0,312480.0
森霸传感,300701.SZ,20220112,17.56,23.4567,9.6998,1.8983,18000.0,316080.0
森霸传感,300701.SZ,20220111,17.21,22.9892,9.5065,1.9369,18000.0,309780.0
森霸传感,300701.SZ,20220110,17.33,23.1495,9.5728,1.9234,18000.0,311940.0
森霸传感,300701.SZ,20220107,17.68,23.617,9.7661,1.8854,18000.0,318240.0
森霸传感,300701.SZ,20220106,18.02,24.0712,9.9539,1.8498,18000.0,324360.0
森霸传感,300701.SZ,20220105,17.68,23.617,9.7661,1.8854,18000.0,318240.0
森霸传感,300701.SZ,20220104,18.18,24.2849,10.0423,1.8335,18000.0,327240.0
森霸传感,300701.SZ,20211231,18.07,24.1379,9.9816,1.8447,18000.0,325260.0
森霸传感,300701.SZ,20211230,18.28,24.4185,10.0976,1.8235,18000.0,329040.0
森霸传感,300701.SZ,20211229,17.96,23.991,9.9208,1.856,18000.0,323280.0
森霸传感,300701.SZ,20211228,18.19,24.2982,10.0479,1.8325,18000.0,327420.0
森霸传感,300701.SZ,20211227,17.88,23.8841,9.8766,1.8643,18000.0,321840.0
森霸传感,300701.SZ,20211224,17.73,23.6838,9.7938,1.8801,18000.0,319140.0
森霸传感,300701.SZ,20211223,18.36,24.5253,10.1418,1.8155,18000.0,330480.0
森霸传感,300701.SZ,20211222,18.87,25.2066,10.4235,1.7665,18000.0,339660.0
森霸传感,300701.SZ,20211221,18.72,25.0062,10.3406,1.7806,18000.0,336960.0
森霸传感,300701.SZ,20211220,18.36,24.5253,10.1418,1.8155,18000.0,330480.0
森霸传感,300701.SZ,20211217,18.88,25.2199,10.429,1.7655,18000.0,339840.0
森霸传感,300701.SZ,20211216,19.24,25.7008,10.6279,1.7325,18000.0,346320.0
森霸传感,300701.SZ,20211215,19.18,25.6207,10.5947,1.7379,18000.0,345240.0
森霸传感,300701.SZ,20211214,19.88,26.5557,10.9814,1.6767,18000.0,357840.0
森霸传感,300701.SZ,20211213,20.01,26.7294,11.0532,1.6658,18000.0,360180.0
森霸传感,300701.SZ,20211210,19.13,25.5539,10.5671,1.7425,18000.0,344340.0
森霸传感,300701.SZ,20211209,17.69,23.6303,9.7717,1.8843,18000.0,318420.0
森霸传感,300701.SZ,20211208,17.62,23.5368,9.733,1.8918,18000.0,317160.0
森霸传感,300701.SZ,20211207,17.3,23.1094,9.5562,1.9268,18000.0,311400.0
森霸传感,300701.SZ,20211206,17.3,23.1094,9.5562,1.9268,18000.0,311400.0
森霸传感,300701.SZ,20211203,18.21,24.325,10.0589,1.8305,18000.0,327780.0
森霸传感,300701.SZ,20211202,18.34,24.4986,10.1307,1.8175,18000.0,330120.0
森霸传感,300701.SZ,20211201,18.53,24.7524,10.2357,1.7989,18000.0,333540.0
森霸传感,300701.SZ,20211130,18.31,24.4585,10.1141,1.8205,18000.0,329580.0
森霸传感,300701.SZ,20211129,18.19,24.2982,10.0479,1.8325,18000.0,327420.0
森霸传感,300701.SZ,20211126,18.31,24.4585,10.1141,1.8205,18000.0,329580.0
森霸传感,300701.SZ,20211125,18.75,25.0463,10.3572,1.7778,18000.0,337500.0
森霸传感,300701.SZ,20211124,18.99,25.3669,10.4898,1.7553,18000.0,341820.0
森霸传感,300701.SZ,20211123,19.15,25.5806,10.5781,1.7406,18000.0,344700.0
森霸传感,300701.SZ,20211122,18.36,24.5253,10.1418,1.8155,18000.0,330480.0
森霸传感,300701.SZ,20211119,18.52,24.7391,10.2301,1.7999,18000.0,333360.0
森霸传感,300701.SZ,20211118,17.74,23.6971,9.7993,1.879,18000.0,319320.0
森霸传感,300701.SZ,20211117,18.62,24.8726,10.2854,1.7902,18000.0,335160.0
森霸传感,300701.SZ,20211116,18.79,25.0997,10.3793,1.774,18000.0,338220.0
森霸传感,300701.SZ,20211115,17.85,23.8441,9.86,1.8674,18000.0,321300.0
森霸传感,300701.SZ,20211112,17.61,23.5235,9.7275,1.8929,18000.0,316980.0
森霸传感,300701.SZ,20211111,17.01,22.722,9.396,1.9596,18000.0,306180.0
森霸传感,300701.SZ,20211110,16.94,22.6285,9.3574,1.9677,18000.0,304920.0
森霸传感,300701.SZ,20211109,16.83,22.4815,9.2966,1.9806,18000.0,302940.0
森霸传感,300701.SZ,20211108,16.56,22.1209,9.1475,2.0129,18000.0,298080.0
森霸传感,300701.SZ,20211105,16.82,22.4682,9.2911,1.9818,18000.0,302760.0
森霸传感,300701.SZ,20211104,16.02,21.3996,8.8492,2.0807,18000.0,288360.0
森霸传感,300701.SZ,20211103,15.87,21.1992,8.7663,2.1004,18000.0,285660.0
森霸传感,300701.SZ,20211102,15.73,21.0122,8.689,2.1191,18000.0,283140.0
森霸传感,300701.SZ,20211101,15.52,20.7316,8.573,2.1478,18000.0,279360.0
森霸传感,300701.SZ,20211029,15.33,20.4778,8.468,2.1744,18000.0,275940.0
森霸传感,300701.SZ,20211028,15.21,20.3176,8.4017,2.1915,18000.0,273780.0
森霸传感,300701.SZ,20211027,16.15,19.9082,8.3712,2.064,18000.0,290700.0
森霸传感,300701.SZ,20211026,16.9,20.8327,8.76,1.9724,18000.0,304200.0
森霸传感,300701.SZ,20211025,16.44,20.2657,8.5216,2.0276,18000.0,295920.0
森霸传感,300701.SZ,20211022,16.6,20.4629,8.6045,2.008,18000.0,298800.0
森霸传感,300701.SZ,20211021,16.37,20.1794,8.4853,2.0362,18000.0,294660.0
森霸传感,300701.SZ,20211020,16.38,20.1917,8.4905,2.035,18000.0,294840.0
森霸传感,300701.SZ,20211019,16.59,20.4506,8.5993,2.0092,18000.0,298620.0
森霸传感,300701.SZ,20211018,16.79,20.6971,8.703,1.9853,18000.0,302220.0
森霸传感,300701.SZ,20211015,16.87,20.7957,8.7444,1.9759,18000.0,303660.0
森霸传感,300701.SZ,20211014,17.2,21.2025,8.9155,1.938,18000.0,309600.0
森霸传感,300701.SZ,20211013,17.28,21.3011,8.957,1.929,18000.0,311040.0
森霸传感,300701.SZ,20211012,16.35,20.1547,8.4749,2.0387,18000.0,294300.0
森霸传感,300701.SZ,20211011,16.74,20.6355,8.6771,1.9912,18000.0,301320.0
森霸传感,300701.SZ,20211008,16.63,20.4999,8.62,2.0044,18000.0,299340.0
森霸传感,300701.SZ,20210930,16.54,20.3889,8.5734,2.0153,18000.0,297720.0
森霸传感,300701.SZ,20210929,16.5,20.3396,8.5527,2.0202,18000.0,297000.0
森霸传感,300701.SZ,20210928,16.06,19.7972,8.3246,2.0756,18000.0,289080.0
森霸传感,300701.SZ,20210927,15.79,19.4644,8.1846,2.111,18000.0,284220.0
森霸传感,300701.SZ,20210924,16.7,20.5862,8.6563,1.996,18000.0,300600.0
森霸传感,300701.SZ,20210923,16.99,20.9436,8.8067,1.9619,18000.0,305820.0
森霸传感,300701.SZ,20210922,16.82,20.7341,8.7185,1.9818,18000.0,302760.0
森霸传感,300701.SZ,20210917,16.9,20.8327,8.76,1.9724,18000.0,304200.0
森霸传感,300701.SZ,20210916,16.97,20.919,8.7963,1.9643,18000.0,305460.0
森霸传感,300701.SZ,20210915,17.18,21.1779,8.9051,1.9402,18000.0,309240.0
森霸传感,300701.SZ,20210914,17.13,21.1162,8.8792,1.9459,18000.0,308340.0
森霸传感,300701.SZ,20210913,17.09,21.0669,8.8585,1.9505,18000.0,307620.0
森霸传感,300701.SZ,20210910,17.46,21.523,9.0503,1.9091,18000.0,314280.0
森霸传感,300701.SZ,20210909,17.57,21.6586,9.1073,1.8972,18000.0,316260.0
森霸传感,300701.SZ,20210908,17.83,21.9791,9.2421,1.8695,18000.0,320940.0
森霸传感,300701.SZ,20210907,17.84,21.9914,9.2472,1.8685,18000.0,321120.0
森霸传感,300701.SZ,20210906,17.62,21.7202,9.1332,1.8918,18000.0,317160.0
森霸传感,300701.SZ,20210903,17.27,21.2888,8.9518,1.9301,18000.0,310860.0
森霸传感,300701.SZ,20210902,17.08,21.0546,8.8533,1.9516,18000.0,307440.0
森霸传感,300701.SZ,20210901,17.24,21.2518,8.9362,1.9335,18000.0,310320.0
森霸传感,300701.SZ,20210831,17.08,21.0546,8.8533,1.9516,18000.0,307440.0
森霸传感,300701.SZ,20210830,17.76,21.8928,9.2058,1.8769,18000.0,319680.0
森霸传感,300701.SZ,20210827,18.5,22.805,9.5893,1.8018,18000.0,333000.0
森霸传感,300701.SZ,20210826,20.69,22.8325,10.2572,1.6111,18000.0,372420.0
森霸传感,300701.SZ,20210825,21.3,23.5056,10.5596,1.5649,18000.0,383400.0
森霸传感,300701.SZ,20210824,21.09,23.2739,10.4555,1.5805,18000.0,379620.0
森霸传感,300701.SZ,20210823,20.88,23.0422,10.3514,1.5964,18000.0,375840.0
森霸传感,300701.SZ,20210820,19.93,21.9938,9.8805,1.6725,18000.0,358740.0
森霸传感,300701.SZ,20210819,20.2,22.2917,10.0143,1.6502,18000.0,363600.0
森霸传感,300701.SZ,20210818,19.75,21.7951,9.7912,1.6878,18000.0,355500.0
森霸传感,300701.SZ,20210817,19.96,22.0269,9.8953,1.67,18000.0,359280.0
森霸传感,300701.SZ,20210816,20.98,23.1525,10.401,1.5888,18000.0,377640.0
森霸传感,300701.SZ,20210813,21.4,23.616,10.6092,1.5576,18000.0,385200.0
森霸传感,300701.SZ,20210812,21.82,24.0795,10.8174,1.5277,18000.0,392760.0
森霸传感,300701.SZ,20210811,21.52,23.7484,10.6687,1.5489,18000.0,387360.0
森霸传感,300701.SZ,20210810,20.8,22.9539,10.3118,1.6026,18000.0,374400.0
森霸传感,300701.SZ,20210809,20.72,22.8656,10.2721,1.6088,18000.0,372960.0
森霸传感,300701.SZ,20210806,20.3,22.4021,10.0639,1.642,18000.0,365400.0
森霸传感,300701.SZ,20210805,19.8,21.8503,9.816,1.6835,18000.0,356400.0
森霸传感,300701.SZ,20210804,21.1,23.2849,10.4605,1.5798,18000.0,379800.0
森霸传感,300701.SZ,20210803,20.9,23.0642,10.3613,1.5949,18000.0,376200.0
森霸传感,300701.SZ,20210802,20.18,22.2697,10.0044,1.6518,18000.0,363240.0
森霸传感,300701.SZ,20210730,20.4,22.5124,10.1135,1.634,18000.0,367200.0
森霸传感,300701.SZ,20210729,19.36,21.3648,9.5979,1.7218,18000.0,348480.0
森霸传感,300701.SZ,20210728,18.08,19.9522,8.9633,1.8437,18000.0,325440.0
森霸传感,300701.SZ,20210727,18.84,20.7909,9.3401,1.7693,18000.0,339120.0
森霸传感,300701.SZ,20210726,18.8,20.7468,9.3203,1.773,18000.0,338400.0
森霸传感,300701.SZ,20210723,19.04,21.0116,9.4392,1.7507,18000.0,342720.0
森霸传感,300701.SZ,20210722,20.36,22.4683,10.0936,1.6372,18000.0,366480.0
森霸传感,300701.SZ,20210721,20.7,22.8435,10.2622,1.6103,18000.0,372600.0
森霸传感,300701.SZ,20210720,20.12,22.2035,9.9747,1.6567,18000.0,362160.0
森霸传感,300701.SZ,20210719,20.15,22.2366,9.9895,1.6543,18000.0,362700.0
森霸传感,300701.SZ,20210716,20.0,22.071,9.9152,1.6667,18000.0,360000.0
森霸传感,300701.SZ,20210715,20.12,22.2035,9.9747,1.6567,18000.0,362160.0
森霸传感,300701.SZ,20210714,21.11,23.296,10.4655,1.579,18000.0,379980.0
森霸传感,300701.SZ,20210713,21.27,23.4725,10.5448,1.5672,18000.0,382860.0
森霸传感,300701.SZ,20210712,22.4,24.7196,11.105,1.4881,18000.0,403200.0
森霸传感,300701.SZ,20210709,22.02,24.3002,10.9166,1.5138,18000.0,396360.0
森霸传感,300701.SZ,20210708,22.74,25.0948,11.2735,1.4658,18000.0,409320.0
森霸传感,300701.SZ,20210707,22.27,24.5761,11.0405,1.4968,18000.0,400860.0
森霸传感,300701.SZ,20210706,22.45,24.7747,11.1298,1.4848,18000.0,404100.0
森霸传感,300701.SZ,20210705,22.52,24.852,11.1645,1.4802,18000.0,405360.0
森霸传感,300701.SZ,20210702,22.15,24.4437,10.981,1.5049,18000.0,398700.0
森霸传感,300701.SZ,20210701,22.66,25.0065,11.2339,1.471,18000.0,407880.0
森霸传感,300701.SZ,20210630,23.67,26.1211,11.7346,1.4083,18000.0,426060.0
森霸传感,300701.SZ,20210629,24.34,26.8604,12.0668,1.3695,18000.0,438120.0
森霸传感,300701.SZ,20210628,25.25,27.8647,12.5179,1.3201,18000.0,454500.0
森霸传感,300701.SZ,20210625,25.2,27.8095,12.4931,1.3228,18000.0,453600.0
森霸传感,300701.SZ,20210624,24.56,27.1032,12.1758,1.3572,18000.0,442080.0
森霸传感,300701.SZ,20210623,25.61,28.262,12.6964,1.3016,18000.0,460980.0
森霸传感,300701.SZ,20210622,25.6,28.2509,12.6914,1.3021,18000.0,460800.0
森霸传感,300701.SZ,20210621,23.38,25.801,11.5908,1.4257,18000.0,420840.0
森霸传感,300701.SZ,20210618,22.03,24.3112,10.9215,1.5131,18000.0,396540.0
森霸传感,300701.SZ,20210617,21.61,23.8477,10.7133,1.5425,18000.0,388980.0
森霸传感,300701.SZ,20210616,21.27,23.4725,10.5448,1.5672,18000.0,382860.0
森霸传感,300701.SZ,20210615,20.39,22.5014,10.1085,1.6348,18000.0,367020.0
森霸传感,300701.SZ,20210611,19.08,21.0558,9.4591,1.747,18000.0,343440.0
森霸传感,300701.SZ,20210610,20.74,22.8877,10.282,1.6072,18000.0,373320.0
森霸传感,300701.SZ,20210609,20.64,22.7773,10.2324,1.615,18000.0,371520.0
森霸传感,300701.SZ,20210608,19.26,21.2544,9.5483,1.7307,18000.0,346680.0
森霸传感,300701.SZ,20210607,29.76,21.8945,9.8358,,12000.0,357120.0
森霸传感,300701.SZ,20210604,29.9,21.9975,9.8821,,12000.0,358800.0
森霸传感,300701.SZ,20210603,30.08,22.1299,9.9416,,12000.0,360960.0
森霸传感,300701.SZ,20210602,29.7,21.8503,9.816,,12000.0,356400.0
森霸传感,300701.SZ,20210601,29.41,21.637,9.7202,,12000.0,352920.0
森霸传感,300701.SZ,20210531,29.4,21.6296,9.7169,,12000.0,352800.0
森霸传感,300701.SZ,20210528,28.74,21.144,9.4987,,12000.0,344880.0
森霸传感,300701.SZ,20210527,29.13,21.431,9.6276,,12000.0,349560.0
森霸传感,300701.SZ,20210526,28.79,21.1808,9.5152,,12000.0,345480.0
森霸传感,300701.SZ,20210525,28.34,20.8498,9.3665,,12000.0,340080.0
森霸传感,300701.SZ,20210524,28.12,20.6879,9.2938,,12000.0,337440.0
森霸传感,300701.SZ,20210521,27.91,20.5334,9.2244,,12000.0,334920.0
森霸传感,300701.SZ,20210520,27.9,20.5261,9.2211,,12000.0,334800.0
森霸传感,300701.SZ,20210519,28.11,20.6806,9.2905,,12000.0,337320.0
森霸传感,300701.SZ,20210518,28.22,20.7615,9.3269,,12000.0,338640.0
森霸传感,300701.SZ,20210517,28.37,20.8718,9.3764,0.7343,12000.0,340440.0
森霸传感,300701.SZ,20210514,28.24,20.7762,9.3335,0.7377,12000.0,338880.0
森霸传感,300701.SZ,20210513,27.84,20.4819,9.2013,0.7483,12000.0,334080.0
森霸传感,300701.SZ,20210512,28.21,20.7541,9.3236,0.7385,12000.0,338520.0
森霸传感,300701.SZ,20210511,27.89,20.5187,9.2178,0.747,12000.0,334680.0
森霸传感,300701.SZ,20210510,27.49,20.2244,9.0856,0.7579,12000.0,329880.0
森霸传感,300701.SZ,20210507,27.92,20.5408,9.2277,0.7462,12000.0,335040.0
森霸传感,300701.SZ,20210506,28.42,20.9086,9.393,0.7331,12000.0,341040.0
森霸传感,300701.SZ,20210430,28.05,20.6364,9.2707,0.7427,12000.0,336600.0
森霸传感,300701.SZ,20210429,29.07,21.3868,9.6078,0.7167,12000.0,348840.0
森霸传感,300701.SZ,20210428,29.46,21.6738,9.7367,0.7072,12000.0,353520.0
森霸传感,300701.SZ,20210427,29.85,21.9607,9.8656,0.6979,12000.0,358200.0
森霸传感,300701.SZ,20210426,29.37,21.6075,9.7069,0.7093,12000.0,352440.0
森霸传感,300701.SZ,20210423,29.65,21.8135,9.7995,0.7026,12000.0,355800.0
森霸传感,300701.SZ,20210422,30.12,23.821,10.4759,0.6917,12000.0,361440.0
森霸传感,300701.SZ,20210421,29.45,23.2911,10.2428,0.7074,12000.0,353400.0
森霸传感,300701.SZ,20210420,29.19,23.0855,10.1524,0.7137,12000.0,350280.0
森霸传感,300701.SZ,20210419,29.75,23.5284,10.3472,0.7003,12000.0,357000.0
森霸传感,300701.SZ,20210416,28.29,22.3737,9.8394,0.7364,12000.0,339480.0
森霸传感,300701.SZ,20210415,27.6,21.828,9.5994,0.7548,12000.0,331200.0
森霸传感,300701.SZ,20210414,28.14,22.2551,9.7872,0.7403,12000.0,337680.0
森霸传感,300701.SZ,20210413,27.94,22.0969,9.7177,0.7456,12000.0,335280.0
森霸传感,300701.SZ,20210412,28.62,22.6347,9.9542,0.7279,12000.0,343440.0
森霸传感,300701.SZ,20210409,28.7,22.698,9.982,0.7259,12000.0,344400.0
森霸传感,300701.SZ,20210408,29.0,22.9352,10.0863,0.7184,12000.0,348000.0
森霸传感,300701.SZ,20210407,29.41,23.2595,10.2289,0.7084,12000.0,352920.0
森霸传感,300701.SZ,20210406,28.96,22.9036,10.0724,0.7194,12000.0,347520.0
森霸传感,300701.SZ,20210402,29.09,23.0064,10.1176,0.7162,12000.0,349080.0
森霸传感,300701.SZ,20210401,28.92,22.872,10.0585,0.7204,12000.0,347040.0
森霸传感,300701.SZ,20210331,28.22,22.3184,9.815,0.7382,12000.0,338640.0
森霸传感,300701.SZ,20210330,27.86,22.0336,9.6898,0.7478,12000.0,334320.0
森霸传感,300701.SZ,20210329,28.21,22.3104,9.8116,0.7385,12000.0,338520.0
森霸传感,300701.SZ,20210326,28.69,22.6901,9.9785,0.7262,12000.0,344280.0
森霸传感,300701.SZ,20210325,28.63,22.6426,9.9576,0.7277,12000.0,343560.0
森霸传感,300701.SZ,20210324,28.2,22.3025,9.8081,0.7388,12000.0,338400.0
森霸传感,300701.SZ,20210323,28.7,22.698,9.982,0.7259,12000.0,344400.0
森霸传感,300701.SZ,20210322,28.55,22.5793,9.9298,0.7297,12000.0,342600.0
森霸传感,300701.SZ,20210319,27.92,22.0811,9.7107,0.7462,12000.0,335040.0
森霸传感,300701.SZ,20210318,27.84,22.0178,9.6829,0.7483,12000.0,334080.0
森霸传感,300701.SZ,20210317,28.08,22.2076,9.7664,0.7419,12000.0,336960.0
森霸传感,300701.SZ,20210316,27.86,22.0336,9.6898,0.7478,12000.0,334320.0
森霸传感,300701.SZ,20210315,27.45,21.7094,9.5472,0.759,12000.0,329400.0
森霸传感,300701.SZ,20210312,27.3,21.5908,9.4951,0.7631,12000.0,327600.0
森霸传感,300701.SZ,20210311,27.77,21.9625,9.6585,0.7502,12000.0,333240.0
森霸传感,300701.SZ,20210310,27.4,21.6698,9.5298,0.7603,12000.0,328800.0
森霸传感,300701.SZ,20210309,28.04,22.176,9.7524,0.743,12000.0,336480.0
森霸传感,300701.SZ,20210308,29.46,23.299,10.2463,0.7072,12000.0,353520.0
森霸传感,300701.SZ,20210305,29.84,23.5996,10.3785,0.6982,12000.0,358080.0
森霸传感,300701.SZ,20210304,29.24,23.125,10.1698,0.7125,12000.0,350880.0
森霸传感,300701.SZ,20210303,29.95,23.6866,10.4168,0.6956,12000.0,359400.0
森霸传感,300701.SZ,20210302,29.75,23.5284,10.3472,0.7003,12000.0,357000.0
森霸传感,300701.SZ,20210301,30.16,23.8526,10.4898,0.6908,12000.0,361920.0
森霸传感,300701.SZ,20210226,29.61,23.4177,10.2985,0.7036,12000.0,355320.0
森霸传感,300701.SZ,20210225,28.57,22.5952,9.9368,0.7292,12000.0,342840.0
森霸传感,300701.SZ,20210224,28.81,24.2926,10.9288,0.7231,12000.0,345720.0
森霸传感,300701.SZ,20210223,28.73,24.2252,10.8984,0.7251,12000.0,344760.0
森霸传感,300701.SZ,20210222,28.84,24.3179,10.9402,0.7224,12000.0,346080.0
森霸传感,300701.SZ,20210219,29.06,24.5034,11.0236,0.7169,12000.0,348720.0
森霸传感,300701.SZ,20210218,28.39,23.9385,10.7695,0.7338,12000.0,340680.0
森霸传感,300701.SZ,20210210,27.85,23.4832,10.5646,0.7481,12000.0,334200.0
森霸传感,300701.SZ,20210209,27.6,23.2724,10.4698,0.7548,12000.0,331200.0
森霸传感,300701.SZ,20210208,26.77,22.5725,10.1549,0.7782,12000.0,321240.0
森霸传感,300701.SZ,20210205,26.72,22.5303,10.136,0.7797,12000.0,320640.0
森霸传感,300701.SZ,20210204,26.59,22.4207,10.0867,0.7835,12000.0,319080.0
森霸传感,300701.SZ,20210203,27.48,23.1712,10.4243,0.7581,12000.0,329760.0
森霸传感,300701.SZ,20210202,28.78,24.2673,10.9174,0.7239,12000.0,345360.0
森霸传感,300701.SZ,20210201,29.23,24.6468,11.0881,0.7127,12000.0,350760.0
森霸传感,300701.SZ,20210129,27.41,23.1122,10.3977,0.7601,12000.0,328920.0
森霸传感,300701.SZ,20210128,28.07,23.6687,10.6481,0.7422,12000.0,336840.0
森霸传感,300701.SZ,20210127,28.32,23.8795,10.7429,0.7356,12000.0,339840.0
森霸传感,300701.SZ,20210126,28.05,23.6518,10.6405,0.7427,12000.0,336600.0
森霸传感,300701.SZ,20210125,29.38,24.7733,11.145,0.7091,12000.0,352560.0
森霸传感,300701.SZ,20210122,30.89,26.0465,11.7178,0.6744,12000.0,370680.0
森霸传感,300701.SZ,20210121,29.96,25.2623,11.365,0.6954,12000.0,359520.0
森霸传感,300701.SZ,20210120,30.59,25.7935,11.604,0.6811,12000.0,367080.0
森霸传感,300701.SZ,20210119,29.51,24.8829,11.1943,0.706,12000.0,354120.0
森霸传感,300701.SZ,20210118,29.56,24.925,11.2133,0.7048,12000.0,354720.0
森霸传感,300701.SZ,20210115,28.87,24.3432,10.9516,0.7216,12000.0,346440.0
森霸传感,300701.SZ,20210114,28.25,23.8204,10.7164,0.7375,12000.0,339000.0
森霸传感,300701.SZ,20210113,27.01,22.7749,10.246,0.7713,12000.0,324120.0
森霸传感,300701.SZ,20210112,27.65,23.3145,10.4888,0.7535,12000.0,331800.0
森霸传感,300701.SZ,20210111,27.28,23.0025,10.3484,0.7637,12000.0,327360.0
森霸传感,300701.SZ,20210108,27.8,23.441,10.5457,0.7494,12000.0,333600.0
森霸传感,300701.SZ,20210107,27.38,23.0869,10.3863,0.7609,12000.0,328560.0
森霸传感,300701.SZ,20210106,28.65,24.1577,10.8681,0.7272,12000.0,343800.0
森霸传感,300701.SZ,20210105,29.6,24.9588,11.2285,0.7038,12000.0,355200.0
森霸传感,300701.SZ,20210104,29.31,24.7142,11.1185,0.7108,12000.0,351720.0
森霸传感,300701.SZ,20201231,29.06,24.5034,11.0236,0.7169,12000.0,348720.0
森霸传感,300701.SZ,20201230,28.32,23.8795,10.7429,0.7356,12000.0,339840.0
森霸传感,300701.SZ,20201229,28.45,23.9891,10.7922,0.7323,12000.0,341400.0
森霸传感,300701.SZ,20201228,27.93,23.5506,10.595,0.7459,12000.0,335160.0
森霸传感,300701.SZ,20201225,28.91,24.377,10.9667,0.7206,12000.0,346920.0
森霸传感,300701.SZ,20201224,29.28,24.6889,11.1071,0.7115,12000.0,351360.0
森霸传感,300701.SZ,20201223,31.18,26.291,11.8278,0.6682,12000.0,374160.0
森霸传感,300701.SZ,20201222,31.21,26.3163,11.8392,0.6675,12000.0,374520.0
森霸传感,300701.SZ,20201221,32.11,27.0752,12.1806,0.6488,12000.0,385320.0
森霸传感,300701.SZ,20201218,31.62,26.662,11.9947,0.6589,12000.0,379440.0
森霸传感,300701.SZ,20201217,32.08,27.0499,12.1692,0.6494,12000.0,384960.0
森霸传感,300701.SZ,20201216,31.43,26.5018,11.9227,0.6628,12000.0,377160.0
森霸传感,300701.SZ,20201215,32.25,27.1933,12.2337,0.646,12000.0,387000.0
森霸传感,300701.SZ,20201214,31.98,26.9656,12.1313,0.6514,12000.0,383760.0
森霸传感,300701.SZ,20201211,31.3,26.3922,11.8734,0.6656,12000.0,375600.0
森霸传感,300701.SZ,20201210,32.56,27.4546,12.3513,0.6398,12000.0,390720.0
森霸传感,300701.SZ,20201209,32.52,27.4209,12.3361,0.6406,12000.0,390240.0
森霸传感,300701.SZ,20201208,33.63,28.3569,12.7572,0.6195,12000.0,403560.0
森霸传感,300701.SZ,20201207,33.58,28.3147,12.7382,0.6204,12000.0,402960.0
森霸传感,300701.SZ,20201204,34.26,28.8881,12.9962,0.6081,12000.0,411120.0
森霸传感,300701.SZ,20201203,33.99,28.6604,12.8938,0.6129,12000.0,407880.0
森霸传感,300701.SZ,20201202,33.78,28.4834,12.8141,0.6167,12000.0,405360.0
森霸传感,300701.SZ,20201201,33.7,28.4159,12.7838,0.6182,12000.0,404400.0
森霸传感,300701.SZ,20201130,33.3,28.0786,12.632,0.6256,12000.0,399600.0
森霸传感,300701.SZ,20201127,32.92,27.7582,12.4879,0.6328,12000.0,395040.0
森霸传感,300701.SZ,20201126,33.53,28.2726,12.7193,0.6213,12000.0,402360.0
森霸传感,300701.SZ,20201125,34.25,28.8797,12.9924,0.6083,12000.0,411000.0
森霸传感,300701.SZ,20201124,34.16,28.8038,12.9583,0.6099,12000.0,409920.0
森霸传感,300701.SZ,20201123,34.09,28.7447,12.9317,0.6111,12000.0,409080.0
森霸传感,300701.SZ,20201120,34.56,29.141,13.11,0.6028,12000.0,414720.0
森霸传感,300701.SZ,20201119,34.72,29.276,13.1707,0.6,12000.0,416640.0
森霸传感,300701.SZ,20201118,34.3,28.9218,13.0114,0.6074,12000.0,411600.0
森霸传感,300701.SZ,20201117,34.34,28.9555,13.0265,0.6067,12000.0,412080.0
森霸传感,300701.SZ,20201116,35.0,29.5121,13.2769,0.5952,12000.0,420000.0
森霸传感,300701.SZ,20201113,35.45,29.8915,13.4476,0.5877,12000.0,425400.0
森霸传感,300701.SZ,20201112,35.41,29.8578,13.4324,0.5883,12000.0,424920.0
森霸传感,300701.SZ,20201111,35.55,29.9758,13.4855,0.586,12000.0,426600.0
森霸传感,300701.SZ,20201110,36.8,31.0298,13.9597,0.5661,12000.0,441600.0
森霸传感,300701.SZ,20201109,41.44,34.9423,15.7199,0.5027,12000.0,497280.0
森霸传感,300701.SZ,20201106,38.9,32.8005,14.7563,0.5356,12000.0,466800.0
森霸传感,300701.SZ,20201105,39.35,33.18,14.927,0.5294,12000.0,472200.0
森霸传感,300701.SZ,20201104,39.15,33.0113,14.8512,0.5321,12000.0,469800.0
森霸传感,300701.SZ,20201103,38.6,32.5476,14.6425,0.5397,12000.0,463200.0
森霸传感,300701.SZ,20201102,37.7,31.7887,14.3011,0.5526,12000.0,452400.0
森霸传感,300701.SZ,20201030,37.7,31.7887,14.3011,0.5526,12000.0,452400.0
森霸传感,300701.SZ,20201029,38.49,32.4548,14.6008,0.5413,12000.0,461880.0
森霸传感,300701.SZ,20201028,38.48,32.4464,14.597,0.5414,12000.0,461760.0
森霸传感,300701.SZ,20201027,38.26,32.2609,14.5136,0.5445,12000.0,459120.0
森霸传感,300701.SZ,20201026,38.31,32.3031,14.5325,0.5438,12000.0,459720.0
森霸传感,300701.SZ,20201023,39.43,33.2474,14.9574,0.5284,12000.0,473160.0
森霸传感,300701.SZ,20201022,41.33,38.7459,17.5273,0.5041,12000.0,495960.0
森霸传感,300701.SZ,20201021,42.11,39.4771,17.8581,0.4947,12000.0,505320.0
森霸传感,300701.SZ,20201020,41.85,39.2334,17.7478,0.4978,12000.0,502200.0
森霸传感,300701.SZ,20201019,41.25,38.6709,17.4933,0.5051,12000.0,495000.0
森霸传感,300701.SZ,20201016,41.03,38.4646,17.4,0.5078,12000.0,492360.0
森霸传感,300701.SZ,20201015,40.46,37.9303,17.1583,0.5149,12000.0,485520.0
森霸传感,300701.SZ,20201014,41.38,38.7927,17.5485,0.5035,12000.0,496560.0
森霸传感,300701.SZ,20201013,40.91,38.3521,17.3492,0.5092,12000.0,490920.0
森霸传感,300701.SZ,20201012,40.71,38.1646,17.2643,0.5117,12000.0,488520.0
森霸传感,300701.SZ,20201009,39.36,36.899,16.6918,0.5293,12000.0,472320.0
森霸传感,300701.SZ,20200930,37.5,35.1553,15.903,0.5556,12000.0,450000.0
森霸传感,300701.SZ,20200929,38.02,35.6428,16.1236,0.548,12000.0,456240.0
森霸传感,300701.SZ,20200928,37.33,34.996,15.8309,0.5581,12000.0,447960.0
森霸传感,300701.SZ,20200925,37.66,35.3053,15.9709,0.5532,12000.0,451920.0
森霸传感,300701.SZ,20200924,37.55,35.2022,15.9242,0.5548,12000.0,450600.0
森霸传感,300701.SZ,20200923,38.65,36.2334,16.3907,0.539,12000.0,463800.0
森霸传感,300701.SZ,20200922,38.17,35.7834,16.1872,0.5458,12000.0,458040.0
森霸传感,300701.SZ,20200921,38.7,36.2803,16.4119,0.5383,12000.0,464400.0
森霸传感,300701.SZ,20200918,38.81,36.3834,16.4586,0.5367,12000.0,465720.0
森霸传感,300701.SZ,20200917,38.08,35.6991,16.149,0.5471,12000.0,456960.0
森霸传感,300701.SZ,20200916,37.46,35.1178,15.8861,0.5561,12000.0,449520.0
森霸传感,300701.SZ,20200915,37.14,34.8178,15.7504,0.5609,12000.0,445680.0
森霸传感,300701.SZ,20200914,37.28,34.9491,15.8097,0.5588,12000.0,447360.0
森霸传感,300701.SZ,20200911,35.86,33.6179,15.2075,0.581,12000.0,430320.0
森霸传感,300701.SZ,20200910,35.02,32.8304,14.8513,0.5949,12000.0,420240.0
森霸传感,300701.SZ,20200909,36.75,34.4522,15.585,0.5669,12000.0,441000.0
森霸传感,300701.SZ,20200908,39.74,37.2553,16.853,0.5242,12000.0,476880.0
森霸传感,300701.SZ,20200907,40.13,37.6209,17.0184,0.5191,12000.0,481560.0
森霸传感,300701.SZ,20200904,40.21,37.6959,17.0523,0.5181,12000.0,482520.0
森霸传感,300701.SZ,20200903,40.28,37.7615,17.082,0.5172,12000.0,483360.0
森霸传感,300701.SZ,20200902,42.12,39.4865,17.8623,0.4946,12000.0,505440.0
森霸传感,300701.SZ,20200901,41.77,39.1584,17.7139,0.4988,12000.0,501240.0
森霸传感,300701.SZ,20200831,43.04,40.349,18.2524,0.484,12000.0,516480.0
森霸传感,300701.SZ,20200828,43.03,40.3396,18.2482,0.4842,12000.0,516360.0
森霸传感,300701.SZ,20200827,41.85,39.2334,17.7478,0.4978,12000.0,502200.0
森霸传感,300701.SZ,20200826,39.26,36.8053,16.6494,0.5307,12000.0,471120.0
森霸传感,300701.SZ,20200825,41.2,38.624,17.4721,0.5057,12000.0,494400.0
森霸传感,300701.SZ,20200824,39.87,37.3772,16.9081,0.5225,12000.0,478440.0
森霸传感,300701.SZ,20200821,40.51,37.9771,17.1795,0.5143,12000.0,486120.0
森霸传感,300701.SZ,20200820,40.05,37.5459,16.9844,0.5202,12000.0,480600.0
森霸传感,300701.SZ,20200819,39.83,37.3397,16.8911,0.5231,12000.0,477960.0
森霸传感,300701.SZ,20200818,40.27,37.7521,17.0777,0.5173,12000.0,483240.0
森霸传感,300701.SZ,20200817,39.8,37.3115,16.8784,0.5235,12000.0,477600.0
森霸传感,300701.SZ,20200814,38.52,36.1116,16.3356,0.5408,12000.0,462240.0
森霸传感,300701.SZ,20200813,38.26,35.8678,16.2253,0.5445,12000.0,459120.0
森霸传感,300701.SZ,20200812,37.88,35.5116,16.0642,0.55,12000.0,454560.0
森霸传感,300701.SZ,20200811,38.94,36.5053,16.5137,0.535,12000.0,467280.0
森霸传感,300701.SZ,20200810,40.08,37.574,16.9972,0.5198,12000.0,480960.0
森霸传感,300701.SZ,20200807,40.7,38.1553,17.2601,0.5119,12000.0,488400.0
森霸传感,300701.SZ,20200806,40.99,38.4271,17.3831,0.5083,12000.0,491880.0
森霸传感,300701.SZ,20200805,41.2,38.624,17.4721,0.5057,12000.0,494400.0
森霸传感,300701.SZ,20200804,42.79,56.0558,23.0544,0.4869,12000.0,513480.0
森霸传感,300701.SZ,20200803,41.54,54.4182,22.3809,0.5015,12000.0,498480.0
森霸传感,300701.SZ,20200731,40.77,53.4095,21.966,0.511,12000.0,489240.0
森霸传感,300701.SZ,20200730,39.5,51.7458,21.2818,0.5274,12000.0,474000.0
森霸传感,300701.SZ,20200729,40.1,52.5318,21.6051,0.5195,12000.0,481200.0
森霸传感,300701.SZ,20200728,37.2,48.7327,20.0426,0.56,12000.0,446400.0
森霸传感,300701.SZ,20200727,37.15,48.6672,20.0157,0.5608,12000.0,445800.0
森霸传感,300701.SZ,20200724,36.23,47.462,19.52,0.575,12000.0,434760.0
森霸传感,300701.SZ,20200723,38.42,50.331,20.6999,0.5423,12000.0,461040.0
森霸传感,300701.SZ,20200722,39.1,51.2218,21.0663,0.5328,12000.0,469200.0
森霸传感,300701.SZ,20200721,38.8,50.8288,20.9046,0.5369,12000.0,465600.0
森霸传感,300701.SZ,20200720,38.06,49.8594,20.5059,0.5474,12000.0,456720.0
森霸传感,300701.SZ,20200717,37.11,48.6148,19.9941,0.5614,12000.0,445320.0
森霸传感,300701.SZ,20200716,36.6,47.9467,19.7193,0.5692,12000.0,439200.0
森霸传感,300701.SZ,20200715,38.68,50.6716,20.84,0.5386,12000.0,464160.0
森霸传感,300701.SZ,20200714,41.28,54.0776,22.2408,0.5047,12000.0,495360.0
森霸传感,300701.SZ,20200713,44.32,58.0601,23.8787,0.4701,12000.0,531840.0
森霸传感,300701.SZ,20200710,40.29,52.7807,21.7074,0.5171,12000.0,483480.0
森霸传感,300701.SZ,20200709,39.2,51.3528,21.1202,0.5315,12000.0,470400.0
森霸传感,300701.SZ,20200708,36.88,48.3135,19.8702,0.5649,12000.0,442560.0
森霸传感,300701.SZ,20200707,35.9,47.0297,19.3422,0.5803,12000.0,430800.0
森霸传感,300701.SZ,20200706,35.42,46.4009,19.0836,0.5882,12000.0,425040.0
森霸传感,300701.SZ,20200703,34.05,44.6062,18.3454,0.6118,12000.0,408600.0
森霸传感,300701.SZ,20200702,34.36,45.0123,18.5125,0.6063,12000.0,412320.0
森霸传感,300701.SZ,20200701,34.46,45.1433,18.5663,0.6046,12000.0,413520.0
森霸传感,300701.SZ,20200630,34.83,45.628,18.7657,0.5981,12000.0,417960.0
森霸传感,300701.SZ,20200629,33.8,44.2787,18.2107,0.6164,12000.0,405600.0
森霸传感,300701.SZ,20200624,33.11,43.3748,17.839,0.6292,12000.0,397320.0
森霸传感,300701.SZ,20200623,32.34,42.366,17.4241,1.1596,12000.0,388080.0
森霸传感,300701.SZ,20200622,32.66,42.7853,17.5965,1.1482,12000.0,391920.0
森霸传感,300701.SZ,20200619,32.29,42.3005,17.3972,1.1614,12000.0,387480.0
森霸传感,300701.SZ,20200618,32.5,42.5757,17.5103,1.1538,12000.0,390000.0
森霸传感,300701.SZ,20200617,32.9,43.0997,17.7258,1.1398,12000.0,394800.0
森霸传感,300701.SZ,20200616,33.1,43.3617,17.8336,1.1329,12000.0,397200.0
森霸传感,300701.SZ,20200615,31.02,40.6368,16.7129,1.2089,12000.0,372240.0
森霸传感,300701.SZ,20200612,31.93,41.8289,17.2032,1.1744,12000.0,383160.0
森霸传感,300701.SZ,20200611,31.22,40.8988,16.8207,1.2012,12000.0,374640.0
森霸传感,300701.SZ,20200610,31.94,41.842,17.2086,1.1741,12000.0,383280.0
森霸传感,300701.SZ,20200609,31.41,41.1477,16.9231,1.1939,12000.0,376920.0
森霸传感,300701.SZ,20200608,31.05,40.6761,16.7291,1.2077,12000.0,372600.0
森霸传感,300701.SZ,20200605,31.4,41.1346,16.9177,1.1943,12000.0,376800.0
森霸传感,300701.SZ,20200604,31.09,40.7285,16.7507,1.2062,12000.0,373080.0
森霸传感,300701.SZ,20200603,30.66,40.1652,16.519,1.2231,12000.0,367920.0
森霸传感,300701.SZ,20200602,31.01,40.6237,16.7076,1.2093,12000.0,372120.0
森霸传感,300701.SZ,20200601,30.75,40.2831,16.5675,1.2195,12000.0,369000.0
森霸传感,300701.SZ,20200529,28.87,37.8203,15.5546,1.2989,12000.0,346440.0
森霸传感,300701.SZ,20200528,29.38,38.4884,15.8293,1.2764,12000.0,352560.0
森霸传感,300701.SZ,20200527,29.19,38.2395,15.727,1.2847,12000.0,350280.0
森霸传感,300701.SZ,20200526,29.84,39.091,16.0772,1.2567,12000.0,358080.0
森霸传感,300701.SZ,20200525,29.32,38.4098,15.797,1.279,12000.0,351840.0
森霸传感,300701.SZ,20200522,28.88,37.8334,15.56,1.2985,12000.0,346560.0
森霸传感,300701.SZ,20200521,29.37,38.4753,15.824,1.2768,12000.0,352440.0
森霸传感,300701.SZ,20200520,29.4,38.5146,15.8401,1.2755,12000.0,352800.0
森霸传感,300701.SZ,20200519,30.09,39.4185,16.2119,1.2463,12000.0,361080.0
森霸传感,300701.SZ,20200518,29.65,38.8421,15.9748,1.2648,12000.0,355800.0
森霸传感,300701.SZ,20200515,30.95,40.5451,16.6752,0.5385,12000.0,371400.0
森霸传感,300701.SZ,20200514,31.02,40.6368,16.7129,0.5373,12000.0,372240.0
森霸传感,300701.SZ,20200513,31.95,41.8551,17.214,0.5216,12000.0,383400.0
森霸传感,300701.SZ,20200512,32.06,41.9992,17.2733,0.5199,12000.0,384720.0
森霸传感,300701.SZ,20200511,31.79,41.6455,17.1278,0.5243,12000.0,381480.0
森霸传感,300701.SZ,20200508,32.2,42.1826,17.3487,0.5176,12000.0,386400.0
森霸传感,300701.SZ,20200507,32.04,41.973,17.2625,0.5202,12000.0,384480.0
森霸传感,300701.SZ,20200506,31.96,41.8682,17.2194,0.5215,12000.0,383520.0
森霸传感,300701.SZ,20200430,31.02,40.6368,16.7129,0.5373,12000.0,372240.0
森霸传感,300701.SZ,20200429,29.97,39.2613,16.1472,0.5561,12000.0,359640.0
森霸传感,300701.SZ,20200428,30.69,40.2045,16.5351,0.5431,12000.0,368280.0
森霸传感,300701.SZ,20200427,31.31,41.0167,16.8692,0.5323,12000.0,375720.0
森霸传感,300701.SZ,20200424,30.79,44.9763,18.0674,0.5413,12000.0,369480.0
森霸传感,300701.SZ,20200423,30.45,44.4796,17.8679,0.5473,12000.0,365400.0
森霸传感,300701.SZ,20200422,30.17,44.0706,17.7036,0.5524,12000.0,362040.0
森霸传感,300701.SZ,20200421,29.6,43.238,17.3691,0.5631,12000.0,355200.0
森霸传感,300701.SZ,20200420,30.14,44.0268,17.686,0.553,12000.0,361680.0
森霸传感,300701.SZ,20200417,29.71,43.3987,17.4336,0.561,12000.0,356520.0
森霸传感,300701.SZ,20200416,29.75,43.4571,17.4571,0.5602,12000.0,357000.0
森霸传感,300701.SZ,20200415,29.22,42.6829,17.1461,0.5704,12000.0,350640.0
森霸传感,300701.SZ,20200414,29.33,42.8436,17.2107,0.5682,12000.0,351960.0
森霸传感,300701.SZ,20200413,28.67,41.8795,16.8234,0.5813,12000.0,344040.0
森霸传感,300701.SZ,20200410,29.23,42.6975,17.152,0.5702,12000.0,350760.0
森霸传感,300701.SZ,20200409,30.35,44.3335,17.8092,0.5491,12000.0,364200.0
森霸传感,300701.SZ,20200408,30.3,44.2605,17.7798,0.5501,12000.0,363600.0
森霸传感,300701.SZ,20200407,30.72,44.874,18.0263,0.5425,12000.0,368640.0
森霸传感,300701.SZ,20200403,29.42,42.975,17.2635,0.5665,12000.0,353040.0
森霸传感,300701.SZ,20200402,29.98,43.7931,17.5921,0.5559,12000.0,359760.0
森霸传感,300701.SZ,20200401,28.94,42.2739,16.9818,0.5759,12000.0,347280.0
森霸传感,300701.SZ,20200331,29.17,42.6099,17.1168,0.5714,12000.0,350040.0
森霸传感,300701.SZ,20200330,30.52,44.5819,17.9089,0.5461,12000.0,366240.0
森霸传感,300701.SZ,20200327,29.91,43.6908,17.551,0.5572,12000.0,358920.0
森霸传感,300701.SZ,20200326,29.45,42.4047,17.3077,0.5659,12000.0,353400.0
森霸传感,300701.SZ,20200325,28.76,41.4111,16.9022,0.5795,12000.0,345120.0
森霸传感,300701.SZ,20200324,27.62,39.7697,16.2322,0.6034,12000.0,331440.0
森霸传感,300701.SZ,20200323,27.0,38.8769,15.8678,0.6173,12000.0,324000.0
森霸传感,300701.SZ,20200320,28.8,41.4687,16.9257,0.5787,12000.0,345600.0
森霸传感,300701.SZ,20200319,28.32,40.7776,16.6436,0.5885,12000.0,339840.0
森霸传感,300701.SZ,20200318,27.7,39.8849,16.2792,0.6017,12000.0,332400.0
森霸传感,300701.SZ,20200317,28.71,41.3391,16.8728,0.5805,12000.0,344520.0
森霸传感,300701.SZ,20200316,28.91,41.6271,16.9903,0.5765,12000.0,346920.0
森霸传感,300701.SZ,20200313,30.6,44.0605,17.9835,0.5447,12000.0,367200.0
森霸传感,300701.SZ,20200312,31.8,45.7884,18.6888,0.5241,12000.0,381600.0
森霸传感,300701.SZ,20200311,34.99,50.3816,20.5635,0.4763,12000.0,419880.0
森霸传感,300701.SZ,20200310,38.84,55.9252,22.8261,0.4291,12000.0,466080.0
森霸传感,300701.SZ,20200309,35.31,50.8424,20.7516,0.472,12000.0,423720.0
森霸传感,300701.SZ,20200306,35.1,50.54,20.6282,0.4748,12000.0,421200.0
森霸传感,300701.SZ,20200305,35.01,50.4104,20.5753,0.4761,12000.0,420120.0
森霸传感,300701.SZ,20200304,34.16,49.1865,20.0757,0.4879,12000.0,409920.0
森霸传感,300701.SZ,20200303,31.05,44.7085,18.248,0.5368,12000.0,372600.0
森霸传感,300701.SZ,20200302,30.42,43.8013,17.8777,0.5479,12000.0,365040.0
森霸传感,300701.SZ,20200228,27.65,39.8129,16.2498,0.6028,12000.0,331800.0
森霸传感,300701.SZ,20200227,30.72,44.2333,18.054,0.5425,12000.0,368640.0
森霸传感,300701.SZ,20200226,31.28,49.9398,19.5449,0.5328,12000.0,375360.0
森霸传感,300701.SZ,20200225,32.16,51.3448,20.0948,0.5182,12000.0,385920.0
森霸传感,300701.SZ,20200224,32.9,52.5262,20.5572,0.5066,12000.0,394800.0
森霸传感,300701.SZ,20200221,32.45,51.8078,20.276,0.5136,12000.0,389400.0
森霸传感,300701.SZ,20200220,32.33,51.6162,20.201,0.5155,12000.0,387960.0
森霸传感,300701.SZ,20200219,31.83,50.8179,19.8886,0.5236,12000.0,381960.0
森霸传感,300701.SZ,20200218,31.71,50.6263,19.8136,0.5256,12000.0,380520.0
森霸传感,300701.SZ,20200217,30.17,48.1677,18.8513,0.5524,12000.0,362040.0
森霸传感,300701.SZ,20200214,29.01,46.3157,18.1265,0.5745,12000.0,348120.0
森霸传感,300701.SZ,20200213,29.23,46.6669,18.264,0.5702,12000.0,350760.0
森霸传感,300701.SZ,20200212,28.78,45.9485,17.9828,0.5791,12000.0,345360.0
森霸传感,300701.SZ,20200211,28.39,45.3258,17.7391,0.5871,12000.0,340680.0
森霸传感,300701.SZ,20200210,29.16,46.5552,18.2203,0.5716,12000.0,349920.0
森霸传感,300701.SZ,20200207,29.37,46.8904,18.3515,0.5675,12000.0,352440.0
森霸传感,300701.SZ,20200206,27.91,44.5595,17.4392,0.5972,12000.0,334920.0
森霸传感,300701.SZ,20200205,28.2,45.0225,17.6204,0.591,12000.0,338400.0
森霸传感,300701.SZ,20200204,26.54,42.3722,16.5832,0.628,12000.0,318480.0
森霸传感,300701.SZ,20200203,27.48,43.873,17.1705,0.6065,12000.0,329760.0
森霸传感,300701.SZ,20200123,30.53,48.7424,19.0763,0.5459,12000.0,366360.0
森霸传感,300701.SZ,20200122,31.65,50.5305,19.7761,0.5266,12000.0,379800.0
森霸传感,300701.SZ,20200121,31.44,50.1953,19.6449,0.5301,12000.0,377280.0
森霸传感,300701.SZ,20200120,31.58,50.4188,19.7324,0.5278,12000.0,378960.0
森霸传感,300701.SZ,20200117,31.16,49.7482,19.4699,0.5349,12000.0,373920.0
森霸传感,300701.SZ,20200116,32.27,51.5204,20.1635,0.5165,12000.0,387240.0
森霸传感,300701.SZ,20200115,31.36,50.0675,19.5949,0.5315,12000.0,376320.0
森霸传感,300701.SZ,20200114,32.5,51.8876,20.3072,0.5128,12000.0,390000.0
森霸传感,300701.SZ,20200113,32.07,51.2011,20.0385,0.5197,12000.0,384840.0
森霸传感,300701.SZ,20200110,31.45,50.2112,19.6511,0.5299,12000.0,377400.0
森霸传感,300701.SZ,20200109,31.74,50.6742,19.8323,0.5251,12000.0,380880.0
森霸传感,300701.SZ,20200108,31.05,49.5726,19.4012,0.5368,12000.0,372600.0
森霸传感,300701.SZ,20200107,33.4,53.3245,20.8696,0.499,12000.0,400800.0
森霸传感,300701.SZ,20200106,32.26,51.5044,20.1573,0.5166,12000.0,387120.0
森霸传感,300701.SZ,20200103,33.2,53.0052,20.7446,0.502,12000.0,398400.0
森霸传感,300701.SZ,20200102,34.1,54.4421,21.307,0.4888,12000.0,409200.0
森霸传感,300701.SZ,20191231,32.33,51.6162,20.201,0.5155,12000.0,387960.0
森霸传感,300701.SZ,20191230,31.4,50.1314,19.6199,0.5308,12000.0,376800.0
森霸传感,300701.SZ,20191227,34.2,54.6017,21.3694,0.4873,12000.0,410400.0
森霸传感,300701.SZ,20191226,34.65,55.3202,21.6506,0.481,12000.0,415800.0
森霸传感,300701.SZ,20191225,31.5,50.2911,19.6824,0.5291,12000.0,378000.0
森霸传感,300701.SZ,20191224,32.35,51.6481,20.2135,0.5152,12000.0,388200.0
森霸传感,300701.SZ,20191223,30.98,49.4609,19.3575,0.538,12000.0,371760.0
森霸传感,300701.SZ,20191220,28.16,44.9586,17.5954,0.5919,12000.0,337920.0
森霸传感,300701.SZ,20191219,27.36,43.6814,17.0956,0.6092,12000.0,328320.0
森霸传感,300701.SZ,20191218,27.52,43.9368,17.1955,0.6056,12000.0,330240.0
森霸传感,300701.SZ,20191217,26.77,42.7394,16.7269,0.6226,12000.0,321240.0
森霸传感,300701.SZ,20191216,26.64,42.5319,16.6457,0.6256,12000.0,319680.0
森霸传感,300701.SZ,20191213,25.82,41.2227,16.1333,0.6455,12000.0,309840.0
森霸传感,300701.SZ,20191212,25.85,41.2706,16.1521,0.6447,12000.0,310200.0
森霸传感,300701.SZ,20191211,25.59,40.8555,15.9896,0.6513,12000.0,307080.0
森霸传感,300701.SZ,20191210,26.34,42.0529,16.4582,0.6328,12000.0,316080.0
森霸传感,300701.SZ,20191209,25.35,40.4723,15.8396,0.6575,12000.0,304200.0
森霸传感,300701.SZ,20191206,25.5,40.7118,15.9334,0.6536,12000.0,306000.0
森霸传感,300701.SZ,20191205,24.69,39.4186,15.4272,0.675,12000.0,296280.0
森霸传感,300701.SZ,20191204,24.12,38.5086,15.0711,0.691,12000.0,289440.0
森霸传感,300701.SZ,20191203,24.56,39.2111,15.346,0.6786,12000.0,294720.0
森霸传感,300701.SZ,20191202,24.76,39.5304,15.471,0.6731,12000.0,297120.0
森霸传感,300701.SZ,20191129,25.06,40.0093,15.6584,0.6651,12000.0,300720.0
森霸传感,300701.SZ,20191128,24.99,39.8976,15.6147,0.6669,12000.0,299880.0
森霸传感,300701.SZ,20191127,24.18,38.6044,15.1086,0.6893,12000.0,290160.0
森霸传感,300701.SZ,20191126,24.22,38.6682,15.1336,0.6881,12000.0,290640.0
森霸传感,300701.SZ,20191125,24.3,38.796,15.1836,0.6859,12000.0,291600.0
森霸传感,300701.SZ,20191122,24.01,38.333,15.0024,0.6942,12000.0,288120.0
森霸传感,300701.SZ,20191121,24.52,39.1472,15.321,0.6797,12000.0,294240.0
森霸传感,300701.SZ,20191120,24.78,39.5623,15.4835,0.6726,12000.0,297360.0
森霸传感,300701.SZ,20191119,25.14,40.1371,15.7084,0.663,12000.0,301680.0
森霸传感,300701.SZ,20191118,24.83,39.6421,15.5147,0.6712,12000.0,297960.0
森霸传感,300701.SZ,20191115,24.09,38.4607,15.0523,0.6919,12000.0,289080.0
森霸传感,300701.SZ,20191114,23.83,38.0456,14.8899,0.6994,12000.0,285960.0
森霸传感,300701.SZ,20191113,23.39,37.3431,14.615,0.7126,12000.0,280680.0
森霸传感,300701.SZ,20191112,23.04,36.7843,14.3963,0.7234,12000.0,276480.0
森霸传感,300701.SZ,20191111,22.61,36.0978,14.1276,0.7371,12000.0,271320.0
森霸传感,300701.SZ,20191108,23.68,37.8061,14.7962,0.7038,12000.0,284160.0
森霸传感,300701.SZ,20191107,23.47,37.4708,14.6649,0.7101,12000.0,281640.0
森霸传感,300701.SZ,20191106,23.36,37.2952,14.5962,0.7135,12000.0,280320.0
森霸传感,300701.SZ,20191105,23.5,37.5187,14.6837,0.7092,12000.0,282000.0
森霸传感,300701.SZ,20191104,23.28,37.1675,14.5462,0.7159,12000.0,279360.0
森霸传感,300701.SZ,20191101,23.36,37.2952,14.5962,0.7135,12000.0,280320.0
森霸传感,300701.SZ,20191031,22.92,36.5927,14.3213,0.7272,12000.0,275040.0
森霸传感,300701.SZ,20191030,23.17,36.9919,14.4775,0.7193,12000.0,278040.0
森霸传感,300701.SZ,20191029,23.85,38.0775,14.9024,0.6988,12000.0,286200.0
森霸传感,300701.SZ,20191028,24.45,39.0354,15.2773,0.6817,12000.0,293400.0
森霸传感,300701.SZ,20191025,23.89,38.1414,14.9274,0.6976,12000.0,286680.0
森霸传感,300701.SZ,20191024,23.56,38.6412,15.3406,0.7074,12000.0,282720.0
森霸传感,300701.SZ,20191023,23.85,39.1168,15.5294,0.6988,12000.0,286200.0
森霸传感,300701.SZ,20191022,24.53,40.2321,15.9722,0.6794,12000.0,294360.0
森霸传感,300701.SZ,20191021,24.22,39.7237,15.7704,0.6881,12000.0,290640.0
森霸传感,300701.SZ,20191018,24.3,39.8549,15.8225,0.6859,12000.0,291600.0
森霸传感,300701.SZ,20191017,24.45,40.1009,15.9201,0.6817,12000.0,293400.0
森霸传感,300701.SZ,20191016,25.3,41.495,16.4736,0.6588,12000.0,303600.0
森霸传感,300701.SZ,20191015,25.16,41.2654,16.3824,0.6624,12000.0,301920.0
森霸传感,300701.SZ,20191014,26.37,43.2499,17.1703,0.632,12000.0,316440.0
森霸传感,300701.SZ,20191011,25.98,42.6103,16.9164,0.6415,12000.0,311760.0
森霸传感,300701.SZ,20191010,26.9,44.1192,17.5154,0.6196,12000.0,322800.0
森霸传感,300701.SZ,20191009,27.08,44.4144,17.6326,0.6155,12000.0,324960.0
森霸传感,300701.SZ,20191008,26.5,43.4632,17.2549,0.6289,12000.0,318000.0
森霸传感,300701.SZ,20190930,25.15,41.249,16.3759,0.6627,12000.0,301800.0
森霸传感,300701.SZ,20190927,25.72,42.1839,16.7471,0.648,12000.0,308640.0
森霸传感,300701.SZ,20190926,24.28,39.8221,15.8094,0.6864,12000.0,291360.0
森霸传感,300701.SZ,20190925,25.26,41.4294,16.4475,0.6598,12000.0,303120.0
森霸传感,300701.SZ,20190924,25.1,41.167,16.3434,0.664,12000.0,301200.0
森霸传感,300701.SZ,20190923,24.98,40.9702,16.2652,0.6672,12000.0,299760.0
森霸传感,300701.SZ,20190920,25.22,41.3638,16.4215,0.6609,12000.0,302640.0
森霸传感,300701.SZ,20190919,25.69,42.1347,16.7275,0.6488,12000.0,308280.0
森霸传感,300701.SZ,20190918,24.93,40.8882,16.2327,0.6685,12000.0,299160.0
森霸传感,300701.SZ,20190917,24.53,40.2321,15.9722,0.6794,12000.0,294360.0
森霸传感,300701.SZ,20190916,25.5,41.823,16.6038,0.6536,12000.0,306000.0
森霸传感,300701.SZ,20190912,25.08,41.1342,16.3303,0.6645,12000.0,300960.0
森霸传感,300701.SZ,20190911,24.37,39.9697,15.868,0.6839,12000.0,292440.0
森霸传感,300701.SZ,20190910,24.81,40.6914,16.1545,0.6718,12000.0,297720.0
森霸传感,300701.SZ,20190909,25.02,41.0358,16.2913,0.6661,12000.0,300240.0
森霸传感,300701.SZ,20190906,23.95,39.2809,15.5946,0.6959,12000.0,287400.0
森霸传感,300701.SZ,20190905,23.08,37.8539,15.0281,0.7221,12000.0,276960.0
森霸传感,300701.SZ,20190904,23.1,37.8868,15.0411,0.7215,12000.0,277200.0
森霸传感,300701.SZ,20190903,22.94,37.6243,14.9369,0.7265,12000.0,275280.0
森霸传感,300701.SZ,20190902,22.7,37.2307,14.7806,0.7342,12000.0,272400.0
森霸传感,300701.SZ,20190830,22.14,36.3122,14.416,0.7528,12000.0,265680.0
森霸传感,300701.SZ,20190829,22.97,37.6735,14.9565,0.7256,12000.0,275640.0
森霸传感,300701.SZ,20190828,23.01,37.7391,14.9825,0.7243,12000.0,276120.0
森霸传感,300701.SZ,20190827,22.84,37.4603,14.8718,0.7297,12000.0,274080.0
森霸传感,300701.SZ,20190826,22.3,36.5747,14.5202,0.7474,12000.0,267600.0
森霸传感,300701.SZ,20190823,22.7,37.2307,14.7806,0.7342,12000.0,272400.0
森霸传感,300701.SZ,20190822,23.3,38.2148,15.1713,0.7153,12000.0,279600.0
森霸传感,300701.SZ,20190821,23.01,37.7391,14.9825,0.7243,12000.0,276120.0
森霸传感,300701.SZ,20190820,23.3,38.2148,15.1713,0.7153,12000.0,279600.0
森霸传感,300701.SZ,20190819,23.4,38.3788,15.2364,0.7123,12000.0,280800.0
森霸传感,300701.SZ,20190816,22.62,37.0995,14.7286,0.7368,12000.0,271440.0
森霸传感,300701.SZ,20190815,22.6,37.0667,14.7155,0.7375,12000.0,271200.0
森霸传感,300701.SZ,20190814,22.79,37.3783,14.8392,0.7313,12000.0,273480.0
森霸传感,300701.SZ,20190813,22.35,36.6567,14.5527,0.7457,12000.0,268200.0
森霸传感,300701.SZ,20190812,22.37,35.73,14.5474,0.745,12000.0,268440.0
森霸传感,300701.SZ,20190809,21.77,34.7716,14.1573,0.7656,12000.0,261240.0
森霸传感,300701.SZ,20190808,22.16,35.3946,14.4109,0.7521,12000.0,265920.0
森霸传感,300701.SZ,20190807,21.98,35.1071,14.2938,0.7583,12000.0,263760.0
森霸传感,300701.SZ,20190806,22.47,35.8897,14.6125,0.7417,12000.0,269640.0
森霸传感,300701.SZ,20190805,23.5,37.5349,15.2823,0.7092,12000.0,282000.0
森霸传感,300701.SZ,20190802,23.41,37.3911,15.2238,0.7119,12000.0,280920.0
森霸传感,300701.SZ,20190801,23.2,37.0557,15.0872,0.7184,12000.0,278400.0
森霸传感,300701.SZ,20190731,23.2,37.0557,15.0872,0.7184,12000.0,278400.0
森霸传感,300701.SZ,20190730,23.54,37.5987,15.3083,0.708,12000.0,282480.0
森霸传感,300701.SZ,20190729,22.99,36.7203,14.9506,0.725,12000.0,275880.0
森霸传感,300701.SZ,20190726,23.01,36.7522,14.9636,0.7243,12000.0,276120.0
森霸传感,300701.SZ,20190725,23.2,37.0557,15.0872,0.7184,12000.0,278400.0
森霸传感,300701.SZ,20190724,23.07,36.848,15.0027,0.7224,12000.0,276840.0
森霸传感,300701.SZ,20190723,22.3,35.6182,14.5019,0.7474,12000.0,267600.0
森霸传感,300701.SZ,20190722,21.8,34.8196,14.1768,0.7645,12000.0,261600.0
森霸传感,300701.SZ,20190719,23.85,38.0939,15.5099,0.6988,12000.0,286200.0
森霸传感,300701.SZ,20190718,23.67,37.8064,15.3928,0.7041,12000.0,284040.0
森霸传感,300701.SZ,20190717,24.5,39.1321,15.9326,0.6803,12000.0,294000.0
森霸传感,300701.SZ,20190716,24.37,38.9244,15.8481,0.6839,12000.0,292440.0
森霸传感,300701.SZ,20190715,24.59,39.2758,15.9911,0.6778,12000.0,295080.0
森霸传感,300701.SZ,20190712,24.14,38.5571,15.6985,0.6904,12000.0,289680.0
森霸传感,300701.SZ,20190711,25.43,40.6175,16.5374,0.6554,12000.0,305160.0
森霸传感,300701.SZ,20190710,26.18,41.8154,17.0251,0.6366,12000.0,314160.0
森霸传感,300701.SZ,20190709,26.96,43.0613,17.5324,0.6182,12000.0,323520.0
森霸传感,300701.SZ,20190708,26.0,41.5279,16.9081,0.641,12000.0,312000.0
森霸传感,300701.SZ,20190705,27.22,43.4765,17.7014,0.6123,12000.0,326640.0
森霸传感,300701.SZ,20190704,25.68,41.0168,16.7,0.649,12000.0,308160.0
森霸传感,300701.SZ,20190703,25.27,40.3619,16.4333,0.6595,12000.0,303240.0
森霸传感,300701.SZ,20190702,26.36,42.1029,17.1422,0.6323,12000.0,316320.0
森霸传感,300701.SZ,20190701,25.21,40.2661,16.3943,0.6611,12000.0,302520.0
森霸传感,300701.SZ,20190628,24.02,38.3654,15.6205,0.6939,12000.0,288240.0
森霸传感,300701.SZ,20190627,25.34,40.4738,16.4789,0.6577,12000.0,304080.0
森霸传感,300701.SZ,20190626,26.27,41.9592,17.0837,0.6344,12000.0,315240.0
森霸传感,300701.SZ,20190625,23.88,38.1418,15.5294,0.6979,12000.0,286560.0
森霸传感,300701.SZ,20190624,24.46,39.0682,15.9066,0.6814,12000.0,293520.0
森霸传感,300701.SZ,20190621,37.36,39.7816,16.1971,,8000.0,298880.0
森霸传感,300701.SZ,20190620,37.6,40.0372,16.3011,,8000.0,300800.0
森霸传感,300701.SZ,20190619,36.75,39.1321,15.9326,,8000.0,294000.0
森霸传感,300701.SZ,20190618,36.01,38.3441,15.6118,,8000.0,288080.0
森霸传感,300701.SZ,20190617,35.82,38.1418,15.5294,,8000.0,286560.0
森霸传感,300701.SZ,20190614,35.52,37.8224,15.3993,,8000.0,284160.0
森霸传感,300701.SZ,20190613,36.9,39.2918,15.9976,,8000.0,295200.0
森霸传感,300701.SZ,20190612,36.35,38.7062,15.7592,,8000.0,290800.0
森霸传感,300701.SZ,20190611,36.02,38.3548,15.6161,,8000.0,288160.0
森霸传感,300701.SZ,20190610,35.04,37.3112,15.1913,,8000.0,280320.0
森霸传感,300701.SZ,20190606,34.3,36.5233,14.8704,,8000.0,274400.0
森霸传感,300701.SZ,20190605,34.71,36.9599,15.0482,,8000.0,277680.0
森霸传感,300701.SZ,20190604,33.83,36.0228,14.6667,1.1085,8000.0,270640.0
森霸传感,300701.SZ,20190603,34.43,36.6617,14.9268,1.0892,8000.0,275440.0
森霸传感,300701.SZ,20190531,35.15,37.4284,15.2389,1.0669,8000.0,281200.0
森霸传感,300701.SZ,20190530,34.93,37.1941,15.1436,1.0736,8000.0,279440.0
森霸传感,300701.SZ,20190529,34.7,36.9492,15.0438,1.0807,8000.0,277600.0
森霸传感,300701.SZ,20190528,34.87,37.1302,15.1175,1.0754,8000.0,278960.0
森霸传感,300701.SZ,20190527,33.94,36.1399,14.7144,1.1049,8000.0,271520.0
森霸传感,300701.SZ,20190524,32.6,34.7131,14.1334,1.1503,8000.0,260800.0
森霸传感,300701.SZ,20190523,33.03,35.171,14.3198,1.1353,8000.0,264240.0
森霸传感,300701.SZ,20190522,33.08,35.2242,14.3415,1.1336,8000.0,264640.0
森霸传感,300701.SZ,20190521,33.57,35.746,14.5539,1.1171,8000.0,268560.0
森霸传感,300701.SZ,20190520,33.33,35.4904,14.4499,1.1251,8000.0,266640.0
森霸传感,300701.SZ,20190517,33.35,35.5117,14.4586,1.1244,8000.0,266800.0
森霸传感,300701.SZ,20190516,34.57,36.8108,14.9875,1.0848,8000.0,276560.0
森霸传感,300701.SZ,20190515,35.1,37.3751,15.2173,1.0684,8000.0,280800.0
森霸传感,300701.SZ,20190514,34.51,36.7469,14.9615,1.0866,8000.0,276080.0
森霸传感,300701.SZ,20190513,33.92,36.1186,14.7057,1.1055,8000.0,271360.0
森霸传感,300701.SZ,20190510,34.08,36.289,14.7751,1.1004,8000.0,272640.0
森霸传感,300701.SZ,20190509,32.77,34.8941,14.2071,1.1443,8000.0,262160.0
森霸传感,300701.SZ,20190508,33.12,35.2668,14.3589,1.1322,8000.0,264960.0
森霸传感,300701.SZ,20190507,32.73,34.8515,14.1898,1.1457,8000.0,261840.0
森霸传感,300701.SZ,20190506,31.94,34.0103,13.8473,1.1741,8000.0,255520.0
森霸传感,300701.SZ,20190430,34.73,36.9811,15.0569,1.0798,8000.0,277840.0
森霸传感,300701.SZ,20190429,33.41,35.5756,14.4846,1.1224,8000.0,267280.0
森霸传感,300701.SZ,20190426,34.75,37.0024,15.0655,1.0791,8000.0,278000.0
森霸传感,300701.SZ,20190425,36.08,38.4187,15.6421,1.0394,8000.0,288640.0
森霸传感,300701.SZ,20190424,37.9,40.3566,16.4312,0.9894,8000.0,303200.0
森霸传感,300701.SZ,20190423,38.69,41.1978,16.7737,0.9692,8000.0,309520.0
森霸传感,300701.SZ,20190422,38.6,43.9142,16.8463,0.9715,8000.0,308800.0
森霸传感,300701.SZ,20190419,38.92,44.2782,16.9859,0.9635,8000.0,311360.0
森霸传感,300701.SZ,20190418,38.32,43.5956,16.7241,0.9786,8000.0,306560.0
森霸传感,300701.SZ,20190417,39.03,44.4034,17.0339,0.9608,8000.0,312240.0
森霸传感,300701.SZ,20190416,38.42,43.7094,16.7677,0.9761,8000.0,307360.0
森霸传感,300701.SZ,20190415,37.65,42.8334,16.4317,0.996,8000.0,301200.0
森霸传感,300701.SZ,20190412,37.2,42.3214,16.2353,1.0081,8000.0,297600.0
森霸传感,300701.SZ,20190411,38.39,43.6753,16.7546,0.9768,8000.0,307120.0
森霸传感,300701.SZ,20190410,38.39,43.6753,16.7546,0.9768,8000.0,307120.0
森霸传感,300701.SZ,20190409,37.65,42.8334,16.4317,0.996,8000.0,301200.0
森霸传感,300701.SZ,20190408,37.6,42.7765,16.4098,0.9973,8000.0,300800.0
森霸传感,300701.SZ,20190404,38.58,43.8914,16.8375,0.972,8000.0,308640.0
森霸传感,300701.SZ,20190403,38.89,44.2441,16.9728,0.9643,8000.0,311120.0
森霸传感,300701.SZ,20190402,38.63,43.9483,16.8594,0.9707,8000.0,309040.0
森霸传感,300701.SZ,20190401,38.9,44.2555,16.9772,0.964,8000.0,311200.0
森霸传感,300701.SZ,20190329,37.79,42.9926,16.4928,0.9923,8000.0,302320.0
森霸传感,300701.SZ,20190328,37.43,42.5831,16.3356,1.0019,8000.0,299440.0
森霸传感,300701.SZ,20190327,36.8,41.8664,16.0607,1.019,8000.0,294400.0
森霸传感,300701.SZ,20190326,37.1,42.2077,16.1916,1.0108,8000.0,296800.0
森霸传感,300701.SZ,20190325,39.32,44.7333,17.1605,0.9537,8000.0,314560.0
森霸传感,300701.SZ,20190322,38.33,43.607,16.7284,0.9783,8000.0,306640.0
森霸传感,300701.SZ,20190321,38.6,43.9142,16.8463,0.9715,8000.0,308800.0
森霸传感,300701.SZ,20190320,38.47,43.7663,16.7895,0.9748,8000.0,307760.0
森霸传感,300701.SZ,20190319,37.99,43.2202,16.58,0.9871,8000.0,303920.0
森霸传感,300701.SZ,20190318,37.88,43.095,16.532,0.99,8000.0,303040.0
森霸传感,300701.SZ,20190315,37.19,42.31,16.2309,1.0083,8000.0,297520.0
森霸传感,300701.SZ,20190314,37.14,42.2532,16.2091,1.0097,8000.0,297120.0
森霸传感,300701.SZ,20190313,38.64,43.9597,16.8637,0.9705,8000.0,309120.0
森霸传感,300701.SZ,20190312,39.18,44.574,17.0994,0.9571,8000.0,313440.0
森霸传感,300701.SZ,20190311,38.81,44.1531,16.9379,0.9662,8000.0,310480.0
森霸传感,300701.SZ,20190308,35.93,40.8766,15.681,1.0437,8000.0,287440.0
森霸传感,300701.SZ,20190307,38.06,43.2998,16.6106,0.9853,8000.0,304480.0
森霸传感,300701.SZ,20190306,36.85,41.9232,16.0825,1.0176,8000.0,294800.0
森霸传感,300701.SZ,20190305,36.12,41.0927,15.7639,1.0382,8000.0,288960.0
森霸传感,300701.SZ,20190304,35.26,40.1143,15.3886,1.0635,8000.0,282080.0
森霸传感,300701.SZ,20190301,35.21,40.0575,15.3668,1.065,8000.0,281680.0
森霸传感,300701.SZ,20190228,35.7,40.6149,15.5806,1.0504,8000.0,285600.0
森霸传感,300701.SZ,20190227,35.37,40.2395,15.4366,1.0602,8000.0,282960.0
森霸传感,300701.SZ,20190226,34.95,40.3146,15.2634,1.073,8000.0,279600.0
森霸传感,300701.SZ,20190225,34.9,40.2569,15.2416,1.0745,8000.0,279200.0
森霸传感,300701.SZ,20190222,33.55,38.6997,14.652,1.1177,8000.0,268400.0
森霸传感,300701.SZ,20190221,32.86,37.9038,14.3507,1.1412,8000.0,262880.0
森霸传感,300701.SZ,20190220,32.91,37.9615,14.3725,1.1395,8000.0,263280.0
森霸传感,300701.SZ,20190219,33.19,38.2845,14.4948,1.1299,8000.0,265520.0
森霸传感,300701.SZ,20190218,33.38,38.5036,14.5778,1.1234,8000.0,267040.0
森霸传感,300701.SZ,20190215,32.37,37.3386,14.1367,1.1585,8000.0,258960.0
森霸传感,300701.SZ,20190214,32.36,37.3271,14.1323,1.1588,8000.0,258880.0
森霸传感,300701.SZ,20190213,32.32,37.2809,14.1149,1.1603,8000.0,258560.0
森霸传感,300701.SZ,20190212,31.44,36.2658,13.7305,1.1927,8000.0,251520.0
森霸传感,300701.SZ,20190211,31.25,36.0467,13.6476,1.2,8000.0,250000.0
森霸传感,300701.SZ,20190201,30.5,35.1816,13.32,1.2295,8000.0,244000.0
森霸传感,300701.SZ,20190131,29.54,34.0742,12.9008,1.2695,8000.0,236320.0
森霸传感,300701.SZ,20190130,30.4,35.0662,13.2764,1.2336,8000.0,243200.0
森霸传感,300701.SZ,20190129,30.59,35.2854,13.3593,1.2259,8000.0,244720.0
森霸传感,300701.SZ,20190128,32.2,37.1425,14.0625,1.1646,8000.0,257600.0
森霸传感,300701.SZ,20190125,33.12,38.2037,14.4642,1.1322,8000.0,264960.0
森霸传感,300701.SZ,20190124,33.36,38.4805,14.5691,1.1241,8000.0,266880.0
森霸传感,300701.SZ,20190123,31.76,36.635,13.8703,1.1807,8000.0,254080.0
森霸传感,300701.SZ,20190122,31.5,36.335,13.7568,1.1905,8000.0,252000.0
森霸传感,300701.SZ,20190121,31.51,36.3466,13.7611,1.1901,8000.0,252080.0
森霸传感,300701.SZ,20190118,31.45,36.2774,13.7349,1.1924,8000.0,251600.0
森霸传感,300701.SZ,20190117,31.2,35.989,13.6257,1.2019,8000.0,249600.0
森霸传感,300701.SZ,20190116,31.97,36.8772,13.962,1.173,8000.0,255760.0
森霸传感,300701.SZ,20190115,32.35,37.3155,14.128,1.1592,8000.0,258800.0
森霸传感,300701.SZ,20190114,32.57,37.5693,14.224,1.1514,8000.0,260560.0
森霸传感,300701.SZ,20190111,32.58,37.5808,14.2284,1.151,8000.0,260640.0
森霸传感,300701.SZ,20190110,31.93,36.831,13.9445,1.1744,8000.0,255440.0
森霸传感,300701.SZ,20190109,32.21,37.154,14.0668,1.1642,8000.0,257680.0
森霸传感,300701.SZ,20190108,32.17,37.1079,14.0494,1.1657,8000.0,257360.0
森霸传感,300701.SZ,20190107,32.56,37.5577,14.2197,1.1517,8000.0,260480.0
森霸传感,300701.SZ,20190104,31.84,36.7272,13.9052,1.1778,8000.0,254720.0
森霸传感,300701.SZ,20190103,30.85,35.5853,13.4729,1.2156,8000.0,246800.0
森霸传感,300701.SZ,20190102,31.62,36.4735,13.8092,1.186,8000.0,252960.0
森霸传感,300701.SZ,20181228,31.11,35.8852,13.5864,1.2054,8000.0,248880.0
森霸传感,300701.SZ,20181227,32.57,37.5693,14.224,1.1514,8000.0,260560.0
森霸传感,300701.SZ,20181226,32.94,37.9961,14.3856,1.1384,8000.0,263520.0
森霸传感,300701.SZ,20181225,33.6,38.7574,14.6739,1.1161,8000.0,268800.0
森霸传感,300701.SZ,20181224,32.87,37.9153,14.3551,1.1409,8000.0,262960.0
森霸传感,300701.SZ,20181221,31.81,36.6926,13.8921,1.1789,8000.0,254480.0
森霸传感,300701.SZ,20181220,31.59,36.4389,13.7961,1.1871,8000.0,252720.0
森霸传感,300701.SZ,20181219,31.02,35.7814,13.5471,1.2089,8000.0,248160.0
森霸传感,300701.SZ,20181218,31.7,36.5657,13.8441,1.183,8000.0,253600.0
森霸传感,300701.SZ,20181217,32.2,37.1425,14.0625,1.1646,8000.0,257600.0
森霸传感,300701.SZ,20181214,31.86,36.7503,13.914,1.177,8000.0,254880.0
森霸传感,300701.SZ,20181213,33.1,38.1806,14.4555,1.1329,8000.0,264800.0
森霸传感,300701.SZ,20181212,32.92,37.973,14.3769,1.1391,8000.0,263360.0
森霸传感,300701.SZ,20181211,33.21,38.3075,14.5035,1.1292,8000.0,265680.0
森霸传感,300701.SZ,20181210,32.68,37.6962,14.2721,1.1475,8000.0,261440.0
森霸传感,300701.SZ,20181207,32.88,37.9269,14.3594,1.1405,8000.0,263040.0
森霸传感,300701.SZ,20181206,32.54,37.5347,14.2109,1.1524,8000.0,260320.0
森霸传感,300701.SZ,20181205,33.3,38.4113,14.5429,1.1261,8000.0,266400.0
森霸传感,300701.SZ,20181204,33.94,39.1496,14.8224,1.1049,8000.0,271520.0
森霸传感,300701.SZ,20181203,34.08,39.3111,14.8835,1.1004,8000.0,272640.0
森霸传感,300701.SZ,20181130,32.45,37.4309,14.1716,1.1556,8000.0,259600.0
森霸传感,300701.SZ,20181129,31.54,36.3812,13.7742,1.189,8000.0,252320.0
森霸传感,300701.SZ,20181128,33.55,38.6997,14.652,1.1177,8000.0,268400.0
森霸传感,300701.SZ,20181127,32.9,37.9499,14.3682,1.1398,8000.0,263200.0
森霸传感,300701.SZ,20181126,32.58,37.5808,14.2284,1.151,8000.0,260640.0
森霸传感,300701.SZ,20181123,34.16,39.4033,14.9184,1.0978,8000.0,273280.0
森霸传感,300701.SZ,20181122,36.01,41.5373,15.7264,1.0414,8000.0,288080.0
森霸传感,300701.SZ,20181121,36.94,42.6101,16.1325,1.0152,8000.0,295520.0
森霸传感,300701.SZ,20181120,36.68,42.3101,16.019,1.0224,8000.0,293440.0
森霸传感,300701.SZ,20181119,36.96,42.6331,16.1413,1.0146,8000.0,295680.0
森霸传感,300701.SZ,20181116,37.09,42.7831,16.198,1.0111,8000.0,296720.0
森霸传感,300701.SZ,20181115,37.64,43.4175,16.4382,0.9963,8000.0,301120.0
森霸传感,300701.SZ,20181114,34.95,40.3146,15.2634,1.073,8000.0,279600.0
森霸传感,300701.SZ,20181113,34.14,39.3803,14.9097,1.0984,8000.0,273120.0
森霸传感,300701.SZ,20181112,34.33,39.5994,14.9927,1.0923,8000.0,274640.0
森霸传感,300701.SZ,20181109,31.59,36.4389,13.7961,1.1871,8000.0,252720.0
森霸传感,300701.SZ,20181108,30.38,35.0431,13.2676,1.2344,8000.0,243040.0
森霸传感,300701.SZ,20181107,30.88,35.6199,13.486,1.2144,8000.0,247040.0
森霸传感,300701.SZ,20181106,30.96,35.7122,13.5209,1.2112,8000.0,247680.0
森霸传感,300701.SZ,20181105,31.54,36.3812,13.7742,1.189,8000.0,252320.0
森霸传感,300701.SZ,20181102,32.01,36.9233,13.9795,1.1715,8000.0,256080.0
森霸传感,300701.SZ,20181101,31.04,35.8044,13.5559,1.2081,8000.0,248320.0
森霸传感,300701.SZ,20181031,31.03,35.7929,13.5515,1.2085,8000.0,248240.0
森霸传感,300701.SZ,20181030,30.57,35.2623,13.3506,1.2267,8000.0,244560.0
森霸传感,300701.SZ,20181029,30.24,34.8816,13.2065,1.2401,8000.0,241920.0
森霸传感,300701.SZ,20181026,31.0,35.7583,13.5384,1.2097,8000.0,248000.0
森霸传感,300701.SZ,20181025,31.5,36.335,13.7568,1.1905,8000.0,252000.0
森霸传感,300701.SZ,20181024,32.31,39.1736,13.9812,1.1606,8000.0,258480.0
森霸传感,300701.SZ,20181023,30.51,36.9912,13.2023,1.2291,8000.0,244080.0
森霸传感,300701.SZ,20181022,31.09,37.6944,13.4533,1.2062,8000.0,248720.0
森霸传感,300701.SZ,20181019,29.35,35.5848,12.7004,1.2777,8000.0,234800.0
森霸传感,300701.SZ,20181018,28.4,34.433,12.2893,1.3204,8000.0,227200.0
森霸传感,300701.SZ,20181017,29.51,35.7788,12.7696,1.2708,8000.0,236080.0
森霸传感,300701.SZ,20181016,29.44,35.6939,12.7393,1.2738,8000.0,235520.0
森霸传感,300701.SZ,20181015,29.39,35.6333,12.7177,1.2759,8000.0,235120.0
森霸传感,300701.SZ,20181012,29.53,35.8031,12.7783,1.2699,8000.0,236240.0
森霸传感,300701.SZ,20181011,30.3,36.7366,13.1115,1.2376,8000.0,242400.0
森霸传感,300701.SZ,20181010,32.95,39.9496,14.2582,1.1381,8000.0,263600.0
森霸传感,300701.SZ,20181009,31.38,38.046,13.5788,1.195,8000.0,251040.0
森霸传感,300701.SZ,20181008,30.47,36.9427,13.185,1.2307,8000.0,243760.0
森霸传感,300701.SZ,20180928,31.85,38.6159,13.7822,1.1774,8000.0,254800.0
森霸传感,300701.SZ,20180927,30.89,37.452,13.3668,1.214,8000.0,247120.0
森霸传感,300701.SZ,20180926,32.2,39.0402,13.9336,1.1646,8000.0,257600.0
森霸传感,300701.SZ,20180925,31.85,38.6159,13.7822,1.1774,8000.0,254800.0
森霸传感,300701.SZ,20180921,32.14,38.9675,13.9077,1.1668,8000.0,257120.0
森霸传感,300701.SZ,20180920,31.3,37.9491,13.5442,1.1981,8000.0,250400.0
森霸传感,300701.SZ,20180919,31.56,38.2643,13.6567,1.1882,8000.0,252480.0
森霸传感,300701.SZ,20180918,31.19,37.8157,13.4966,1.2023,8000.0,249520.0
森霸传感,300701.SZ,20180917,30.63,37.1367,13.2543,1.2243,8000.0,245040.0
森霸传感,300701.SZ,20180914,31.66,38.3855,13.7,1.1845,8000.0,253280.0
森霸传感,300701.SZ,20180913,33.16,40.2042,14.349,1.1309,8000.0,265280.0
森霸传感,300701.SZ,20180912,32.7,39.6465,14.15,1.1468,8000.0,261600.0
森霸传感,300701.SZ,20180911,32.08,38.8947,13.8817,1.169,8000.0,256640.0
森霸传感,300701.SZ,20180910,31.68,38.4098,13.7086,1.1837,8000.0,253440.0
森霸传感,300701.SZ,20180907,33.52,40.6406,14.5048,1.1187,8000.0,268160.0
森霸传感,300701.SZ,20180906,33.58,40.7134,14.5308,1.1167,8000.0,268640.0
森霸传感,300701.SZ,20180905,33.23,40.289,14.3793,1.1285,8000.0,265840.0
森霸传感,300701.SZ,20180904,34.37,41.6712,14.8726,1.0911,8000.0,274960.0
森霸传感,300701.SZ,20180903,33.64,40.7861,14.5568,1.1147,8000.0,269120.0
森霸传感,300701.SZ,20180831,34.08,41.3196,14.7472,1.1004,8000.0,272640.0
森霸传感,300701.SZ,20180830,35.75,43.3444,15.4698,1.049,8000.0,286000.0
森霸传感,300701.SZ,20180829,36.72,44.5204,15.8895,1.0212,8000.0,293760.0
森霸传感,300701.SZ,20180828,37.8,45.8298,16.3569,0.9921,8000.0,302400.0
森霸传感,300701.SZ,20180827,39.45,51.2542,17.4143,0.9506,8000.0,315600.0
森霸传感,300701.SZ,20180824,39.2,50.9294,17.3039,0.9566,8000.0,313600.0
森霸传感,300701.SZ,20180823,38.01,49.3833,16.7786,0.9866,8000.0,304080.0
森霸传感,300701.SZ,20180822,36.85,47.8762,16.2666,1.0176,8000.0,294800.0
森霸传感,300701.SZ,20180821,37.08,48.175,16.3681,1.0113,8000.0,296640.0
森霸传感,300701.SZ,20180820,36.38,47.2656,16.0591,1.0308,8000.0,291040.0
森霸传感,300701.SZ,20180817,35.55,46.1872,15.6927,1.0549,8000.0,284400.0
森霸传感,300701.SZ,20180816,37.15,48.266,16.399,1.0094,8000.0,297200.0
森霸传感,300701.SZ,20180815,37.15,48.266,16.399,1.0094,8000.0,297200.0
森霸传感,300701.SZ,20180814,38.6,50.1498,17.0391,0.9715,8000.0,308800.0
森霸传感,300701.SZ,20180813,39.16,50.8774,17.2863,0.9576,8000.0,313280.0
森霸传感,300701.SZ,20180810,38.62,50.1758,17.0479,0.971,8000.0,308960.0
森霸传感,300701.SZ,20180809,37.43,48.6298,16.5226,1.0019,8000.0,299440.0
森霸传感,300701.SZ,20180808,36.0,46.7719,15.8914,1.0417,8000.0,288000.0
森霸传感,300701.SZ,20180807,39.15,50.8644,17.2819,0.9579,8000.0,313200.0
森霸传感,300701.SZ,20180806,37.4,48.5908,16.5094,1.0027,8000.0,299200.0
森霸传感,300701.SZ,20180803,37.7,48.9806,16.6418,0.9947,8000.0,301600.0
森霸传感,300701.SZ,20180802,38.41,49.903,16.9552,0.9763,8000.0,307280.0
森霸传感,300701.SZ,20180801,40.1,52.0987,17.7012,0.9352,8000.0,320800.0
森霸传感,300701.SZ,20180731,41.98,54.5412,18.5311,0.8933,8000.0,335840.0
森霸传感,300701.SZ,20180730,41.22,53.5538,18.1956,0.9098,8000.0,329760.0
森霸传感,300701.SZ,20180727,42.39,55.0739,18.7121,0.8846,8000.0,339120.0
森霸传感,300701.SZ,20180726,43.4,56.3861,19.1579,0.8641,8000.0,347200.0
森霸传感,300701.SZ,20180725,46.22,60.0499,20.4028,0.8113,8000.0,369760.0
森霸传感,300701.SZ,20180724,48.18,62.5964,21.268,0.7783,8000.0,385440.0
森霸传感,300701.SZ,20180723,47.98,62.3365,21.1797,0.7816,8000.0,383840.0
森霸传感,300701.SZ,20180720,47.97,62.3235,21.1753,0.7817,8000.0,383760.0
森霸传感,300701.SZ,20180719,46.91,60.9464,20.7073,0.7994,8000.0,375280.0
森霸传感,300701.SZ,20180718,47.2,61.3231,20.8354,0.7945,8000.0,377600.0
森霸传感,300701.SZ,20180717,49.99,64.948,22.0669,0.7502,8000.0,399920.0
森霸传感,300701.SZ,20180716,51.45,66.8448,22.7114,0.7289,8000.0,411600.0
森霸传感,300701.SZ,20180713,49.85,64.7661,22.0051,0.7523,8000.0,398800.0
森霸传感,300701.SZ,20180712,51.17,66.481,22.5878,0.7329,8000.0,409360.0
森霸传感,300701.SZ,20180711,50.05,65.0259,22.0934,0.7493,8000.0,400400.0
森霸传感,300701.SZ,20180710,50.71,65.8834,22.3848,0.7395,8000.0,405680.0
森霸传感,300701.SZ,20180709,46.1,59.894,20.3498,0.8134,8000.0,368800.0
森霸传感,300701.SZ,20180706,45.25,58.7897,19.9746,0.8287,8000.0,362000.0
森霸传感,300701.SZ,20180705,44.98,58.4389,19.8554,0.8337,8000.0,359840.0
森霸传感,300701.SZ,20180704,48.3,62.7523,21.3209,0.7764,8000.0,386400.0
森霸传感,300701.SZ,20180703,49.6,64.4413,21.8948,0.756,8000.0,396800.0
森霸传感,300701.SZ,20180702,48.59,63.129,21.4489,0.7718,8000.0,388720.0
森霸传感,300701.SZ,20180629,50.78,65.9743,22.4157,0.7385,8000.0,406240.0
森霸传感,300701.SZ,20180628,48.9,63.5318,21.5858,0.7669,8000.0,391200.0
森霸传感,300701.SZ,20180627,48.49,62.9991,21.4048,0.7734,8000.0,387920.0
森霸传感,300701.SZ,20180626,49.24,63.9735,21.7359,0.7616,8000.0,393920.0
森霸传感,300701.SZ,20180625,49.23,63.9605,21.7314,0.7617,8000.0,393840.0
森霸传感,300701.SZ,20180622,44.75,58.14,19.7539,0.838,8000.0,358000.0
森霸传感,300701.SZ,20180621,46.89,60.9204,20.6985,0.7997,8000.0,375120.0
森霸传感,300701.SZ,20180620,48.96,63.6098,21.6123,0.7659,8000.0,391680.0
森霸传感,300701.SZ,20180619,44.51,57.8282,19.6479,0.8425,8000.0,356080.0
森霸传感,300701.SZ,20180615,47.15,61.2582,20.8133,0.7953,8000.0,377200.0
森霸传感,300701.SZ,20180614,42.86,55.6845,18.9196,0.8749,8000.0,342880.0
森霸传感,300701.SZ,20180613,46.18,59.9979,20.3851,0.812,8000.0,369440.0
森霸传感,300701.SZ,20180612,45.6,59.2444,20.1291,0.8224,8000.0,364800.0
森霸传感,300701.SZ,20180611,45.13,58.6337,19.9216,0.8309,8000.0,361040.0
森霸传感,300701.SZ,20180608,41.03,53.307,18.1117,0.914,8000.0,328240.0
森霸传感,300701.SZ,20180607,40.08,52.0727,17.6924,0.9356,8000.0,320640.0
森霸传感,300701.SZ,20180606,40.6,52.7483,17.9219,0.9236,8000.0,324800.0
森霸传感,300701.SZ,20180605,39.92,51.8648,17.6218,0.9394,8000.0,319360.0
森霸传感,300701.SZ,20180604,38.82,50.4357,17.1362,,8000.0,310560.0
森霸传感,300701.SZ,20180601,37.63,48.8896,16.6109,,8000.0,301040.0
森霸传感,300701.SZ,20180531,38.73,50.3187,17.0965,,8000.0,309840.0
森霸传感,300701.SZ,20180530,38.07,49.4613,16.8051,,8000.0,304560.0
森霸传感,300701.SZ,20180529,42.3,54.957,18.6724,,8000.0,338400.0
森霸传感,300701.SZ,20180528,46.48,60.3877,20.5175,,8000.0,371840.0
森霸传感,300701.SZ,20180525,45.33,58.8936,20.0099,,8000.0,362640.0
森霸传感,300701.SZ,20180524,46.15,59.959,20.3719,,8000.0,369200.0
森霸传感,300701.SZ,20180523,45.31,58.8676,20.0011,,8000.0,362480.0
森霸传感,300701.SZ,20180522,46.95,60.9983,20.725,,8000.0,375600.0
森霸传感,300701.SZ,20180521,46.43,60.3227,20.4955,,8000.0,371440.0
森霸传感,300701.SZ,20180518,44.77,58.166,19.7627,,8000.0,358160.0
森霸传感,300701.SZ,20180517,43.7,56.7759,19.2904,,8000.0,349600.0
森霸传感,300701.SZ,20180516,41.76,54.2554,18.434,,8000.0,334080.0
森霸传感,300701.SZ,20180515,42.67,55.4377,18.8357,,8000.0,341360.0
森霸传感,300701.SZ,20180514,41.92,54.4633,18.5046,,8000.0,335360.0
森霸传感,300701.SZ,20180511,42.15,54.7621,18.6061,,8000.0,337200.0
森霸传感,300701.SZ,20180510,44.73,58.1141,19.745,,8000.0,357840.0
森霸传感,300701.SZ,20180509,45.19,58.7117,19.9481,,8000.0,361520.0
森霸传感,300701.SZ,20180508,44.38,57.6593,19.5905,,8000.0,355040.0
森霸传感,300701.SZ,20180507,44.88,58.3089,19.8112,,8000.0,359040.0
森霸传感,300701.SZ,20180504,43.38,56.3601,19.1491,,8000.0,347040.0
森霸传感,300701.SZ,20180503,44.06,57.2436,19.4493,,8000.0,352480.0
森霸传感,300701.SZ,20180502,40.05,52.0337,17.6791,,8000.0,320400.0
森霸传感,300701.SZ,20180427,41.38,53.7617,18.2662,,8000.0,331040.0
森霸传感,300701.SZ,20180426,41.5,53.9176,18.3192,,8000.0,332000.0
森霸传感,300701.SZ,20180425,44.35,59.0819,19.997,,8000.0,354800.0
森霸传感,300701.SZ,20180424,43.83,58.3892,19.7625,,8000.0,350640.0
森霸传感,300701.SZ,20180423,41.22,54.9122,18.5857,,8000.0,329760.0
森霸传感,300701.SZ,20180420,40.69,54.2062,18.3467,,8000.0,325520.0
森霸传感,300701.SZ,20180419,45.21,60.2276,20.3847,,8000.0,361680.0
森霸传感,300701.SZ,20180418,43.2,57.5499,19.4784,,8000.0,345600.0
森霸传感,300701.SZ,20180417,42.03,55.9913,18.9509,,8000.0,336240.0
森霸传感,300701.SZ,20180416,45.68,60.8537,20.5966,,8000.0,365440.0
森霸传感,300701.SZ,20180413,44.77,59.6414,20.1863,,8000.0,358160.0
森霸传感,300701.SZ,20180412,45.27,60.3075,20.4118,,8000.0,362160.0
森霸传感,300701.SZ,20180411,47.34,63.0651,21.3451,,8000.0,378720.0
森霸传感,300701.SZ,20180410,47.33,63.0518,21.3406,,8000.0,378640.0
森霸传感,300701.SZ,20180409,49.96,66.5554,22.5265,,8000.0,399680.0
森霸传感,300701.SZ,20180404,55.5,73.9357,25.0244,,8000.0,444000.0
森霸传感,300701.SZ,20180403,51.46,68.5537,23.2028,,8000.0,411680.0
森霸传感,300701.SZ,20180402,48.16,64.1575,21.7149,,8000.0,385280.0
森霸传感,300701.SZ,20180330,43.78,58.3226,19.74,,8000.0,350240.0
森霸传感,300701.SZ,20180329,39.8,53.0205,17.9454,,8000.0,318400.0
森霸传感,300701.SZ,20180328,36.18,48.1981,16.3132,,8000.0,289440.0
森霸传感,300701.SZ,20180327,36.68,48.8641,16.5386,,8000.0,293440.0
森霸传感,300701.SZ,20180326,35.43,47.1989,15.975,,8000.0,283440.0
森霸传感,300701.SZ,20180323,35.86,47.7934,16.1689,,8000.0,286880.0
森霸传感,300701.SZ,20180322,39.06,52.0583,17.6118,,8000.0,312480.0
森霸传感,300701.SZ,20180321,39.66,52.858,17.8823,,8000.0,317280.0
森霸传感,300701.SZ,20180320,37.26,49.6593,16.8002,,8000.0,298080.0
森霸传感,300701.SZ,20180319,35.92,47.8734,16.196,,8000.0,287360.0
森霸传感,300701.SZ,20180316,35.24,46.9671,15.8894,,8000.0,281920.0
森霸传感,300701.SZ,20180315,33.8,45.0479,15.2401,,8000.0,270400.0
森霸传感,300701.SZ,20180314,35.6,47.4469,16.0517,,8000.0,284800.0
森霸传感,300701.SZ,20180313,36.4,48.5131,16.4124,,8000.0,291200.0
森霸传感,300701.SZ,20180312,37.23,49.6193,16.7866,,8000.0,297840.0
森霸传感,300701.SZ,20180309,36.74,48.9663,16.5657,,8000.0,293920.0
森霸传感,300701.SZ,20180308,35.58,47.4202,16.0427,,8000.0,284640.0
森霸传感,300701.SZ,20180307,33.92,45.2078,15.2942,,8000.0,271360.0
森霸传感,300701.SZ,20180306,33.03,44.0217,14.8929,,8000.0,264240.0
森霸传感,300701.SZ,20180305,32.7,43.5818,14.7441,,8000.0,261600.0
森霸传感,300701.SZ,20180302,32.15,42.8488,14.4961,,8000.0,257200.0
森霸传感,300701.SZ,20180301,31.53,42.0225,14.2166,,8000.0,252240.0
森霸传感,300701.SZ,20180228,30.63,40.823,13.8108,,8000.0,245040.0
森霸传感,300701.SZ,20180227,31.17,44.4351,14.5321,,8000.0,249360.0
森霸传感,300701.SZ,20180226,30.7,43.7651,14.313,,8000.0,245600.0
森霸传感,300701.SZ,20180223,29.55,42.1257,13.7768,,8000.0,236400.0
森霸传感,300701.SZ,20180222,29.53,42.0972,13.7675,,8000.0,236240.0
森霸传感,300701.SZ,20180214,28.97,41.2989,13.5064,,8000.0,231760.0
森霸传感,300701.SZ,20180213,29.28,41.7408,13.6509,,8000.0,234240.0
森霸传感,300701.SZ,20180212,29.35,41.8406,13.6836,,8000.0,234800.0
森霸传感,300701.SZ,20180209,27.83,39.6737,12.9749,,8000.0,222640.0
森霸传感,300701.SZ,20180208,28.67,40.8712,13.3665,,8000.0,229360.0
森霸传感,300701.SZ,20180207,28.18,40.1727,13.1381,,8000.0,225440.0
森霸传感,300701.SZ,20180206,27.33,38.9609,12.7418,,8000.0,218640.0
森霸传感,300701.SZ,20180205,30.37,43.2947,14.1591,,8000.0,242960.0
森霸传感,300701.SZ,20180202,32.33,46.0888,15.0729,,8000.0,258640.0
森霸传感,300701.SZ,20180201,32.75,46.6875,15.2687,,8000.0,262000.0
森霸传感,300701.SZ,20180131,33.07,47.1437,15.4179,,8000.0,264560.0
森霸传感,300701.SZ,20180130,35.43,50.5081,16.5182,,8000.0,283440.0
森霸传感,300701.SZ,20180129,35.98,51.2921,16.7746,,8000.0,287840.0
森霸传感,300701.SZ,20180126,36.13,51.506,16.8445,,8000.0,289040.0
森霸传感,300701.SZ,20180125,36.97,52.7034,17.2362,,8000.0,295760.0
森霸传感,300701.SZ,20180124,37.65,53.6728,17.5532,,8000.0,301200.0
森霸传感,300701.SZ,20180123,37.14,52.9458,17.3154,,8000.0,297120.0
森霸传感,300701.SZ,20180122,36.83,52.5039,17.1709,,8000.0,294640.0
森霸传感,300701.SZ,20180119,39.86,56.8233,18.5835,,8000.0,318880.0
森霸传感,300701.SZ,20180118,40.07,57.1227,18.6814,,8000.0,320560.0
森霸传感,300701.SZ,20180117,40.49,57.7215,18.8772,,8000.0,323920.0
森霸传感,300701.SZ,20180116,39.86,56.8233,18.5835,,8000.0,318880.0
森霸传感,300701.SZ,20180115,37.7,53.7441,17.5765,,8000.0,301600.0
森霸传感,300701.SZ,20180112,38.92,55.4833,18.1453,,8000.0,311360.0
森霸传感,300701.SZ,20180111,39.18,55.854,18.2665,,8000.0,313440.0
森霸传感,300701.SZ,20180110,37.08,52.8603,17.2874,,8000.0,296640.0
森霸传感,300701.SZ,20180109,38.48,54.8561,17.9401,,8000.0,307840.0
森霸传感,300701.SZ,20180108,36.97,52.7034,17.2362,,8000.0,295760.0
森霸传感,300701.SZ,20180105,36.26,51.6913,16.9051,,8000.0,290080.0
森霸传感,300701.SZ,20180104,37.1,52.8888,17.2968,,8000.0,296800.0
森霸传感,300701.SZ,20180103,37.66,53.6871,17.5578,,8000.0,301280.0
森霸传感,300701.SZ,20180102,38.18,54.4284,17.8003,,8000.0,305440.0
森霸传感,300701.SZ,20171229,37.92,54.0577,17.6791,,8000.0,303360.0
森霸传感,300701.SZ,20171228,37.83,53.9294,17.6371,,8000.0,302640.0
森霸传感,300701.SZ,20171227,37.05,52.8175,17.2734,,8000.0,296400.0
森霸传感,300701.SZ,20171226,37.05,52.8175,17.2734,,8000.0,296400.0
森霸传感,300701.SZ,20171225,34.71,49.4816,16.1825,,8000.0,277680.0
森霸传感,300701.SZ,20171222,35.42,50.4938,16.5135,,8000.0,283360.0
森霸传感,300701.SZ,20171221,36.24,51.6628,16.8958,,8000.0,289920.0
森霸传感,300701.SZ,20171220,36.9,52.6037,17.2035,,8000.0,295200.0
森霸传感,300701.SZ,20171219,36.5,52.0334,17.017,,8000.0,292000.0
森霸传感,300701.SZ,20171218,36.4,51.8909,16.9704,,8000.0,291200.0
森霸传感,300701.SZ,20171215,36.02,51.3491,16.7932,,8000.0,288160.0
森霸传感,300701.SZ,20171214,37.09,52.8745,17.2921,,8000.0,296720.0
森霸传感,300701.SZ,20171213,36.6,52.176,17.0636,,8000.0,292800.0
森霸传感,300701.SZ,20171212,34.65,49.3961,16.1545,,8000.0,277200.0
森霸传感,300701.SZ,20171211,36.56,52.119,17.045,,8000.0,292480.0
森霸传感,300701.SZ,20171208,36.17,51.563,16.8632,,8000.0,289360.0
森霸传感,300701.SZ,20171207,35.8,51.0355,16.6907,,8000.0,286400.0
森霸传感,300701.SZ,20171206,34.1,48.612,15.8981,,8000.0,272800.0
森霸传感,300701.SZ,20171205,32.61,46.4879,15.2034,,8000.0,260880.0
森霸传感,300701.SZ,20171204,34.62,49.3533,16.1405,,8000.0,276960.0
森霸传感,300701.SZ,20171201,38.03,54.2146,17.7303,,8000.0,304240.0
森霸传感,300701.SZ,20171130,37.68,53.7156,17.5672,,8000.0,301440.0
森霸传感,300701.SZ,20171129,37.18,53.0028,17.3341,,8000.0,297440.0
森霸传感,300701.SZ,20171128,37.95,54.1005,17.693,,8000.0,303600.0
森霸传感,300701.SZ,20171127,36.91,52.6179,17.2082,,8000.0,295280.0
森霸传感,300701.SZ,20171124,38.95,55.5261,18.1593,,8000.0,311600.0
森霸传感,300701.SZ,20171123,40.66,57.9638,18.9565,,8000.0,325280.0
森霸传感,300701.SZ,20171122,42.51,60.6011,19.819,,8000.0,340080.0
森霸传感,300701.SZ,20171121,42.6,60.7294,19.861,,8000.0,340800.0
森霸传感,300701.SZ,20171120,44.68,63.6946,20.8307,,8000.0,357440.0
森霸传感,300701.SZ,20171117,43.45,61.9412,20.2573,,8000.0,347600.0
森霸传感,300701.SZ,20171116,45.43,64.7638,21.1804,,8000.0,363440.0
森霸传感,300701.SZ,20171115,48.32,68.8837,22.5277,,8000.0,386560.0
森霸传感,300701.SZ,20171114,50.68,72.2481,23.628,,8000.0,405440.0
森霸传感,300701.SZ,20171113,53.3,75.9831,24.8495,,8000.0,426400.0
森霸传感,300701.SZ,20171110,52.8,75.2703,24.6164,,8000.0,422400.0
森霸传感,300701.SZ,20171109,50.8,72.4191,23.684,,8000.0,406400.0
森霸传感,300701.SZ,20171108,51.58,73.5311,24.0476,,8000.0,412640.0
森霸传感,300701.SZ,20171107,49.69,70.8367,23.1665,,8000.0,397520.0
森霸传感,300701.SZ,20171106,48.31,68.8694,22.5231,,8000.0,386480.0
森霸传感,300701.SZ,20171103,48.25,68.7839,22.4951,,8000.0,386000.0
森霸传感,300701.SZ,20171102,47.4,67.5722,22.0988,,8000.0,379200.0
森霸传感,300701.SZ,20171101,45.97,65.5336,21.4321,,8000.0,367760.0
森霸传感,300701.SZ,20171031,44.54,63.495,20.7654,,8000.0,356320.0
森霸传感,300701.SZ,20171030,43.74,62.3546,20.3925,,8000.0,349920.0
森霸传感,300701.SZ,20171027,48.6,69.2829,22.6583,,8000.0,388800.0
森霸传感,300701.SZ,20171026,49.53,70.6086,23.0919,,8000.0,396240.0
森霸传感,300701.SZ,20171025,48.44,82.729,24.9296,,8000.0,387520.0
森霸传感,300701.SZ,20171024,47.17,80.5601,24.276,,8000.0,377360.0
森霸传感,300701.SZ,20171023,50.69,86.5717,26.0875,,8000.0,405520.0
森霸传感,300701.SZ,20171020,49.88,85.1884,25.6707,,8000.0,399040.0
森霸传感,300701.SZ,20171019,52.09,88.9628,26.8081,,8000.0,416720.0
森霸传感,300701.SZ,20171018,54.23,92.6176,27.9094,,8000.0,433840.0
森霸传感,300701.SZ,20171017,59.65,101.8742,30.6988,,8000.0,477200.0
森霸传感,300701.SZ,20171016,54.23,92.6176,27.9094,,8000.0,433840.0
森霸传感,300701.SZ,20171013,49.3,84.1978,25.3722,,8000.0,394400.0
森霸传感,300701.SZ,20171012,47.5,81.1236,24.4458,,8000.0,380000.0
森霸传感,300701.SZ,20171011,47.0,80.2697,24.1885,,8000.0,376000.0
森霸传感,300701.SZ,20171010,51.29,87.5965,26.3963,,8000.0,410320.0
森霸传感,300701.SZ,20171009,46.63,79.6378,23.9981,,8000.0,373040.0
森霸传感,300701.SZ,20170929,49.08,83.8221,25.259,,8000.0,392640.0
森霸传感,300701.SZ,20170928,44.62,76.205,22.9636,,8000.0,356960.0
森霸传感,300701.SZ,20170927,40.56,69.2711,20.8742,,8000.0,324480.0
森霸传感,300701.SZ,20170926,36.87,62.969,18.9751,,8000.0,294960.0
森霸传感,300701.SZ,20170925,33.52,57.2477,17.251,,8000.0,268160.0
森霸传感,300701.SZ,20170922,30.47,52.0387,15.6813,,8000.0,243760.0
森霸传感,300701.SZ,20170921,27.7,47.3079,14.2558,,8000.0,221600.0
森霸传感,300701.SZ,20170920,25.18,43.0041,12.9589,,8000.0,201440.0
森霸传感,300701.SZ,20170919,22.89,39.0931,11.7803,,8000.0,183120.0
森霸传感,300701.SZ,20170918,20.81,35.5407,10.7098,,8000.0,166480.0
森霸传感,300701.SZ,20170915,18.92,32.3128,9.7372,,8000.0,151360.0
